 Initial weight-guess from atomic-program
 ----------------------------------------
    .1E+03     weight_psir0
    n   l  so   eigval  chrg    dchrg  ddchrg  res    rnode dnode ddnode
   2   0  .50   8.0e0   8.0e0   0.0e0  0.0e0   0.0e0  1.0e0 0.0e0 0.0e0
   3   0  .50   2.0e-1  2.0e-1  0.0e0  0.0e0   0.0e0  0.0e0 0.0e0 0.0e0
   4   0  .50   4.0e-2  4.0e-2  0.0e0  0.0e0   0.0e0  0.0e0 0.0e0 0.0e0
   2   1 -.50   5.0e0   5.0e0   0.0e0  0.0e0   0.0e0  1.0e0 0.0e0 0.0e0
   2   1  .50   5.0e0   5.0e0   0.0e0  0.0e0   0.0e0  1.0e0 0.0e0 0.0e0
   3   1 -.50   2.0e-1  2.0e-1  0.0e0  0.0e0   0.0e0  0.0e0 0.0e0 0.0e0
   3   1  .50   2.0e-1  2.0e-1  0.0e0  0.0e0   0.0e0  0.0e0 0.0e0 0.0e0
   4   1 -.50   4.0e-2  4.0e-2  0.0e0  0.0e0   0.0e0  0.0e0 0.0e0 0.0e0
   4   1  .50   4.0e-2  4.0e-2  0.0e0  0.0e0   0.0e0  0.0e0 0.0e0 0.0e0
   3   2 -.50   2.0e-1  2.0e-1  0.0e0  0.0e0   0.0e0  0.0e0 0.0e0 0.0e0
   3   2  .50   2.0e-1  2.0e-1  0.0e0  0.0e0   0.0e0  0.0e0 0.0e0 0.0e0
   4   2 -.50   4.0e-2  4.0e-2  0.0e0  0.0e0   0.0e0  0.0e0 0.0e0 0.0e0
   4   2  .50   4.0e-2  4.0e-2  0.0e0  0.0e0   0.0e0  0.0e0 0.0e0 0.0e0
   4   3 -.50   4.0e-2  4.0e-2  0.0e0  0.0e0   0.0e0  0.0e0 0.0e0 0.0e0
   4   3  .50   4.0e-2  4.0e-2  0.0e0  0.0e0   0.0e0  0.0e0 0.0e0 0.0e0
