 Initial weight-guess from atomic-program
 ----------------------------------------
    .1E+05     weight_psir0
   n   l  so     eigval  chrg    dchrg  ddchrg  res    rnode dnode ddnode
   4   0  0.50   1.0e1   1.0e6   0.0e0  0.0e0   1.0e0  1.0e3 1.0e0 0.0e0
   5   0  0.50   1.0e3   1.0e4   0.0e0  0.0e0   1.0e0  1.0e3 1.0e0 0.0e0
   6   0  0.50   1.0e5   1.0e3   0.0e0  0.0e0   1.0e0  1.0e3 1.0e0 0.0e0
   7   0  0.50   1.0e3   1.0e3   0.0e0  0.0e0   0.0e0  1.0e0 1.0e0 0.0e0
   8   0  0.50   1.0e2   1.0e2   0.0e0  0.0e0   0.0e0  0.0e0 0.0e0 0.0e0
   4   1 -0.50   1.0e2   1.0e5   0.0e0  0.0e0   1.0e0  1.0e3 1.0e0 0.0e0
   4   1  0.50   1.0e2   1.0e5   0.0e0  0.0e0   1.0e0  1.0e3 1.0e0 0.0e0
   5   1 -0.50   1.0e4   1.0e4   0.0e0  0.0e0   1.0e0  1.0e3 1.0e0 0.0e0
   5   1  0.50   1.0e4   1.0e4   0.0e0  0.0e0   1.0e0  1.0e3 1.0e0 0.0e0
   6   1 -0.50   1.0e3   1.0e3   0.0e0  0.0e0   1.0e0  1.0e0 1.0e0 0.0e0
   6   1  0.50   1.0e3   1.0e3   0.0e0  0.0e0   1.0e0  1.0e0 1.0e0 0.0e0
   7   1 -0.50   1.0e2   1.0e2   0.0e0  0.0e0   0.0e0  0.0e0 0.0e0 0.0e0
   7   1  0.50   1.0e2   1.0e2   0.0e0  0.0e0   0.0e0  0.0e0 0.0e0 0.0e0
   8   1 -0.50   1.0e2   1.0e2   0.0e0  0.0e0   0.0e0  0.0e0 0.0e0 0.0e0
   8   1  0.50   1.0e2   1.0e2   0.0e0  0.0e0   0.0e0  0.0e0 0.0e0 0.0e0
   4   2 -0.50   1.0e3   1.0e4   0.0e0  0.0e0   1.0e0  1.0e3 1.0e0 0.0e0
   4   2  0.50   1.0e3   1.0e4   0.0e0  0.0e0   1.0e0  1.0e3 1.0e0 0.0e0
   5   2 -0.50   1.0e5   1.0e3   0.0e0  0.0e0   1.0e0  1.0e0 1.0e0 0.0e0
   5   2  0.50   1.0e5   1.0e3   0.0e0  0.0e0   1.0e0  1.0e0 1.0e0 0.0e0
   6   2 -0.50   1.0e3   1.0e2   0.0e0  0.0e0   1.0e0  0.0e0 0.0e0 0.0e0
   6   2  0.50   1.0e3   1.0e2   0.0e0  0.0e0   1.0e0  0.0e0 0.0e0 0.0e0
   7   2 -0.50   1.0e0   1.0e0   0.0e0  0.0e0   0.0e0  0.0e0 0.0e0 0.0e0
   7   2  0.50   1.0e0   1.0e0   0.0e0  0.0e0   0.0e0  0.0e0 0.0e0 0.0e0
   4   3 -0.50   1.0e6   1.0e5   0.0e0  0.0e0   1.0e0  1.0e3 1.0e0 0.0e0
   4   3  0.50   1.0e6   1.0e5   0.0e0  0.0e0   1.0e0  1.0e3 1.0e0 0.0e0
   5   3 -0.50   1.0e3   1.0e2   0.0e0  0.0e0   1.0e0  1.0e0 1.0e0 0.0e0
   5   3  0.50   1.0e3   1.0e2   0.0e0  0.0e0   1.0e0  1.0e0 1.0e0 0.0e0
   6   3 -0.50   1.0e2   1.0e2   0.0e0  0.0e0   0.0e0  0.0e0 0.0e0 0.0e0
   6   3  0.50   1.0e2   1.0e2   0.0e0  0.0e0   0.0e0  0.0e0 0.0e0 0.0e0
