   20             3.50000 ng, rij 
     2.600     5.200                                       rcov,rprb 
 r                           (non)relativistic calculation
 PADE                        XC-functional
 43.000  7.000    0.6730000000    0.1331538067E+02    0.0000000000E+00    0.0000000000E+00    0.0000000000E+00  znuc,zion,rloc,gpot()
   2                                                       lpx, (Projectors for l=0..lpx)
    0.6776118807    0.8192176742E+00   -0.1349578553E+00    0.3484596839E+00    0.0000000000E+00    0.0000000000E+00    0.0000000000E+00  r_l(),hsep(), so=+0.5
    0.7842753814   -0.1170721245E-01   -0.3079306233E+00    0.7286968541E+00    0.0000000000E+00    0.0000000000E+00    0.0000000000E+00  r_l(),hsep(), so=+0.5
    0.1094324104E+00   -0.2187660871E+00    0.5176950501E+00    0.0000000000E+00    0.0000000000E+00    0.0000000000E+00         hsep(), so=-0.5
    0.5198897484   -0.5958199527E+01   -0.2998722193E+00    0.6800462720E+00    0.0000000000E+00    0.0000000000E+00    0.0000000000E+00  r_l(),hsep(), so=+0.5
   -0.6023261377E+01   -0.3459261421E+00    0.7844867520E+00    0.0000000000E+00    0.0000000000E+00    0.0000000000E+00         hsep(), so=-0.5
 ---------------------------------------------
 Additional information (last calculation):
 gaussian exponents:
 xp(): 8.9219126546147152,  5.8862671634944519,  3.8834880435768273,  2.5621465974457878,  1.6903863519447853,  1.115239081826839,
 0.73578339543680638,  0.48543600544710341,  0.32026832468072342,  0.21129829399309819,  0.13940488522835492,  9.19729244296008108E-2
 6.06795006808879267E-2,  4.00335405850904338E-2,  2.64122867491372697E-2,  1.74256106535443586E-2,  1.14966155537000996E-2,
 7.58493758511099084E-3,  5.00419257313630336E-3,  3.30153584364215914E-3
 orbital coefficients 
 l,ispin: 0,  1
 psi n=1,noccmax(l):
    0.2402664739E-02    0.1209109845E-02    0.5213073947E-02    0.1638833065E-01    0.0000000000E+00    0.0000000000E+00    0.0000000000E+00    0.1688504011E-03
   -0.1236703386E-01   -0.6250459618E-02   -0.2428233055E-01   -0.7739186163E-01    0.0000000000E+00    0.0000000000E+00    0.0000000000E+00   -0.6848900367E-03
    0.3656027420E-01    0.1863245577E-01    0.5948590668E-01    0.1951756289E+00    0.0000000000E+00    0.0000000000E+00    0.0000000000E+00    0.2092663862E-02
   -0.9277723990E-01   -0.4810004074E-01   -0.9854466400E-01   -0.3518345912E+00    0.0000000000E+00    0.0000000000E+00    0.0000000000E+00   -0.6256335300E-02
    0.2449357747E+00    0.1313549712E+00    0.9983874522E-01    0.4924865104E+00    0.0000000000E+00    0.0000000000E+00    0.0000000000E+00    0.2373705872E-01
   -0.4037574335E+00   -0.2291519267E+00   -0.8913499013E-01   -0.6296505327E+00    0.0000000000E+00    0.0000000000E+00    0.0000000000E+00   -0.5373744966E-01
   -0.1427778726E+00   -0.5445255930E-01    0.4284945702E+00    0.1127285292E+01    0.0000000000E+00    0.0000000000E+00    0.0000000000E+00    0.7505363730E-03
    0.5645993536E+00    0.3045278641E+00   -0.7527666070E+00   -0.1631915772E+01    0.0000000000E+00    0.0000000000E+00    0.0000000000E+00    0.4196274552E-01
    0.1791435794E+00    0.9412225468E-01    0.4798764454E+00    0.1544324350E+01    0.0000000000E+00    0.0000000000E+00    0.0000000000E+00    0.7920915092E-01
    0.1212494164E+00    0.8252827331E-01   -0.7408758728E+00   -0.2026958267E+01    0.0000000000E+00    0.0000000000E+00    0.0000000000E+00    0.5160395384E-02
   -0.7822678968E-01   -0.4268719955E-01    0.7931412362E+00    0.2328087902E+01    0.0000000000E+00    0.0000000000E+00    0.0000000000E+00   -0.1597088152E-01
   -0.1005716689E+00   -0.5256706100E-01   -0.8139949308E+00   -0.2690756206E+01    0.0000000000E+00    0.0000000000E+00    0.0000000000E+00   -0.2857229712E-01
   -0.1571161439E+00   -0.1586715649E+00    0.1166846582E+01    0.3583573513E+01    0.0000000000E+00    0.0000000000E+00    0.0000000000E+00   -0.2952746484E-01
   -0.1005344435E+00   -0.1302200351E+00   -0.9209424655E+00   -0.3988640708E+01    0.0000000000E+00    0.0000000000E+00    0.0000000000E+00   -0.2471377400E-01
   -0.5272542965E-01   -0.1027853783E+00    0.1464010752E+01    0.6457849343E+01    0.0000000000E+00    0.0000000000E+00    0.0000000000E+00   -0.1418976298E-01
   -0.7296273375E-02   -0.1482860893E-01   -0.1244808359E+01   -0.8872832438E+01    0.0000000000E+00    0.0000000000E+00    0.0000000000E+00   -0.5970623212E-02
   -0.1062122532E-02    0.2139683976E+00   -0.2788248006E+00    0.6344077998E+01    0.0000000000E+00    0.0000000000E+00    0.0000000000E+00   -0.4765822344E-03
    0.4223924516E-03   -0.8532176799E-02    0.5679864785E+00   -0.1940045437E+01    0.0000000000E+00    0.0000000000E+00    0.0000000000E+00    0.3687546154E-04
   -0.1433874943E-03    0.1625532961E-02   -0.1199054038E+00    0.1290242707E+00    0.0000000000E+00    0.0000000000E+00    0.0000000000E+00   -0.5743051492E-05
    0.3409001596E-04   -0.2903056491E-03    0.2235901576E-01   -0.7058234597E-02    0.0000000000E+00    0.0000000000E+00    0.0000000000E+00    0.8367702088E-06
   -0.4210303407E-05    0.3035916161E-04   -0.2386582283E-02   -0.6748364197E-04    0.0000000000E+00    0.0000000000E+00    0.0000000000E+00   -0.7384303725E-07
 l,ispin: 2*1
 psi n=1,noccmax(l):
    0.1688504011E-03    0.9726903099E-05    0.1836206767E-01   -0.2866119160E-01    0.0000000000E+00    0.0000000000E+00    0.0000000000E+00    0.2610528593E-01
   -0.6848900367E-03   -0.7921094644E-04   -0.6530303694E-01    0.1020395457E+00    0.0000000000E+00    0.0000000000E+00    0.0000000000E+00   -0.7267030358E-01
    0.2092663862E-02    0.6384638091E-03    0.1268861208E+00   -0.1987801729E+00    0.0000000000E+00    0.0000000000E+00    0.0000000000E+00    0.1311032980E+00
   -0.6256335300E-02   -0.3077865591E-02   -0.1817380444E+00    0.2864420819E+00    0.0000000000E+00    0.0000000000E+00    0.0000000000E+00   -0.2053369950E+00
    0.2373705872E-01    0.1557633601E-01    0.2099773836E+00   -0.3382749717E+00    0.0000000000E+00    0.0000000000E+00    0.0000000000E+00    0.5442282213E+00
   -0.5373744966E-01   -0.4162362471E-01   -0.2036337543E+00    0.3424952789E+00    0.0000000000E+00    0.0000000000E+00    0.0000000000E+00   -0.1097181395E+01
    0.7505363730E-03    0.9408747943E-02    0.2399489149E+00   -0.3830122639E+00    0.0000000000E+00    0.0000000000E+00    0.0000000000E+00   -0.6692569516E+00
    0.4196274552E-01    0.3167278723E-01   -0.2862584448E+00    0.4409120227E+00    0.0000000000E+00    0.0000000000E+00    0.0000000000E+00   -0.2697685584E+00
    0.7920915092E-01    0.5278288622E-01    0.1954609165E+00   -0.3500799609E+00    0.0000000000E+00    0.0000000000E+00    0.0000000000E+00   -0.1498112324E+00
    0.5160395384E-02    0.4624349289E-02   -0.2393656701E+00    0.3959335625E+00    0.0000000000E+00    0.0000000000E+00    0.0000000000E+00   -0.5548732776E-01
   -0.1597088152E-01   -0.1347289726E-01    0.2361554480E+00   -0.3992770415E+00    0.0000000000E+00    0.0000000000E+00    0.0000000000E+00   -0.2589223360E-01
   -0.2857229712E-01   -0.2228107121E-01   -0.1841251802E+00    0.3542485266E+00    0.0000000000E+00    0.0000000000E+00    0.0000000000E+00   -0.7884068961E-02
   -0.2952746484E-01   -0.3021273024E-01    0.2342548707E+00   -0.4438499773E+00    0.0000000000E+00    0.0000000000E+00    0.0000000000E+00   -0.3058494674E-02
   -0.2471377400E-01   -0.2610131382E-01   -0.1508753196E+00    0.3870131857E+00    0.0000000000E+00    0.0000000000E+00    0.0000000000E+00   -0.4928129124E-03
   -0.1418976298E-01   -0.1686117638E-01    0.2087002712E+00   -0.6045354694E+00    0.0000000000E+00    0.0000000000E+00    0.0000000000E+00   -0.1515062890E-03
   -0.5970623212E-02   -0.9449981693E-02   -0.1588027837E+00    0.7969458067E+00    0.0000000000E+00    0.0000000000E+00    0.0000000000E+00    0.1541124612E-04
   -0.4765822344E-03    0.2944167765E-01   -0.1612532824E-01   -0.5181713088E+00    0.0000000000E+00    0.0000000000E+00    0.0000000000E+00   -0.6766229914E-05
    0.3687546154E-04   -0.7302432297E-03    0.4386975692E-01    0.1481027016E+00    0.0000000000E+00    0.0000000000E+00    0.0000000000E+00    0.1973435580E-05
   -0.5743051492E-05    0.1121925107E-03   -0.7969656720E-02   -0.1258935087E-01    0.0000000000E+00    0.0000000000E+00    0.0000000000E+00   -0.4708322586E-06
    0.8367702088E-06   -0.1701315455E-04    0.1286088609E-02    0.1270675005E-02    0.0000000000E+00    0.0000000000E+00    0.0000000000E+00    0.8174461848E-07
   -0.7384303725E-07    0.1554262798E-05   -0.1206871945E-03   -0.8654245970E-04    0.0000000000E+00    0.0000000000E+00    0.0000000000E+00   -0.7691859577E-08
 l,ispin: 1,  2
 psi n=1,noccmax(l):
    0.4490728478E-03   -0.1182499357E-03    0.1754572189E-01   -0.2454381312E-01    0.0000000000E+00    0.0000000000E+00    0.0000000000E+00   -0.2515474765E-01
   -0.1729175495E-02    0.4967972539E-03   -0.6236697389E-01    0.8735016898E-01    0.0000000000E+00    0.0000000000E+00    0.0000000000E+00    0.6985715720E-01
    0.4233857959E-02   -0.1512993950E-02    0.1211032150E+00   -0.1700608976E+00    0.0000000000E+00    0.0000000000E+00    0.0000000000E+00   -0.1265725786E+00
   -0.1001402328E-01    0.4743395471E-02   -0.1729802021E+00    0.2444208151E+00    0.0000000000E+00    0.0000000000E+00    0.0000000000E+00    0.1996333349E+00
    0.3328149462E-01   -0.2071787871E-01    0.1963393452E+00   -0.2839661594E+00    0.0000000000E+00    0.0000000000E+00    0.0000000000E+00   -0.5497649250E+00
   -0.8262032888E-01    0.5921920614E-01   -0.1773433770E+00    0.2715025687E+00    0.0000000000E+00    0.0000000000E+00    0.0000000000E+00    0.1151771165E+01
    0.2481866453E-01   -0.2439145869E-01    0.2159286322E+00   -0.3128405316E+00    0.0000000000E+00    0.0000000000E+00    0.0000000000E+00    0.6736932954E+00
    0.6968583074E-01   -0.5089073862E-01   -0.2948683925E+00    0.4030670368E+00    0.0000000000E+00    0.0000000000E+00    0.0000000000E+00    0.2735919849E+00
    0.6781344685E-01   -0.4304412341E-01    0.1954380586E+00   -0.3046504050E+00    0.0000000000E+00    0.0000000000E+00    0.0000000000E+00    0.1495204733E+00
    0.7856746252E-03   -0.2397289316E-02   -0.2279973186E+00    0.3406216184E+00    0.0000000000E+00    0.0000000000E+00    0.0000000000E+00    0.5528339075E-01
   -0.2161140692E-01    0.1818942151E-01    0.2321992510E+00   -0.3532102460E+00    0.0000000000E+00    0.0000000000E+00    0.0000000000E+00    0.2537475493E-01
   -0.3109136033E-01    0.2317032525E-01   -0.1750212925E+00    0.3040686725E+00    0.0000000000E+00    0.0000000000E+00    0.0000000000E+00    0.7636718882E-02
   -0.3116428492E-01    0.3199644481E-01    0.2285051149E+00   -0.3982030135E+00    0.0000000000E+00    0.0000000000E+00    0.0000000000E+00    0.2893197156E-02
   -0.2458543584E-01    0.2473860277E-01   -0.1457946352E+00    0.3422678570E+00    0.0000000000E+00    0.0000000000E+00    0.0000000000E+00    0.4454893953E-03
   -0.1373868586E-01    0.1653748140E-01    0.2013958365E+00   -0.5528727925E+00    0.0000000000E+00    0.0000000000E+00    0.0000000000E+00    0.1363268939E-03
   -0.5388835084E-02    0.6678337482E-02   -0.1608205746E+00    0.7618546055E+00    0.0000000000E+00    0.0000000000E+00    0.0000000000E+00   -0.1545800576E-04
   -0.3906343133E-03   -0.2824354757E-01   -0.1034285610E-01   -0.5081399791E+00    0.0000000000E+00    0.0000000000E+00    0.0000000000E+00    0.6442736632E-05
    0.3041312354E-04    0.8239249770E-03    0.4152540249E-01    0.1484764029E+00    0.0000000000E+00    0.0000000000E+00    0.0000000000E+00   -0.1878128552E-05
   -0.4829218835E-05   -0.1325543977E-03   -0.7581989478E-02   -0.1340841112E-01    0.0000000000E+00    0.0000000000E+00    0.0000000000E+00    0.4481248011E-06
    0.7190368504E-06    0.2052876479E-04    0.1226095160E-02    0.1436626918E-02    0.0000000000E+00    0.0000000000E+00    0.0000000000E+00   -0.7783454966E-07
   -0.6461633024E-07   -0.1896683555E-05   -0.1151901102E-03   -0.1033513546E-03    0.0000000000E+00    0.0000000000E+00    0.0000000000E+00    0.7327860353E-08
 l,ispin: 2,  1
 psi n=1,noccmax(l):
    0.2610528593E-01   -0.3858392823E-02    0.3106784311E-02   -0.6568762899E-01    0.0000000000E+00    0.0000000000E+00
   -0.7267030358E-01    0.1083765131E-01   -0.7910416836E-02    0.1768928180E+00    0.0000000000E+00    0.0000000000E+00
    0.1311032980E+00   -0.2062931787E-01    0.7737826961E-02   -0.2694768943E+00    0.0000000000E+00    0.0000000000E+00
   -0.2053369950E+00    0.3441202749E-01    0.1611559703E-02    0.3153445113E+00    0.0000000000E+00    0.0000000000E+00
    0.5442282213E+00   -0.1001278453E+00   -0.6432094468E-01   -0.3655171382E+00    0.0000000000E+00    0.0000000000E+00
   -0.1097181395E+01    0.2020104390E+00    0.1616357025E+00    0.4212244804E+00    0.0000000000E+00    0.0000000000E+00
   -0.6692569516E+00    0.1455239953E+00    0.1629360831E+00   -0.6325109663E-01    0.0000000000E+00    0.0000000000E+00
   -0.2697685584E+00    0.6347955807E-01    0.4686452314E-01    0.2301251656E+00    0.0000000000E+00    0.0000000000E+00
   -0.1498112324E+00    0.3740471869E-01    0.5125161292E-01   -0.9126687145E-01    0.0000000000E+00    0.0000000000E+00
   -0.5548732776E-01    0.1185471350E-01    0.1339984975E-02    0.1137561617E+00    0.0000000000E+00    0.0000000000E+00
   -0.2589223360E-01    0.6801185936E-02    0.1508173202E-01   -0.7166608339E-01    0.0000000000E+00    0.0000000000E+00
   -0.7884068961E-02    0.1265110160E-03   -0.6621705900E-02    0.6030374398E-01    0.0000000000E+00    0.0000000000E+00
   -0.3058494674E-02    0.9194960419E-05    0.4375428947E-02   -0.4848262418E-01    0.0000000000E+00    0.0000000000E+00
   -0.4928129124E-03   -0.2457715155E-02   -0.7882701357E-02    0.3042646941E-01    0.0000000000E+00    0.0000000000E+00
   -0.1515062890E-03   -0.1423233052E-02    0.9184847024E-03   -0.3225814903E-01    0.0000000000E+00    0.0000000000E+00
    0.1541124612E-04   -0.2048300555E-02   -0.8387074831E-02    0.6588459838E-02    0.0000000000E+00    0.0000000000E+00
   -0.6766229914E-05   -0.7993690970E-03    0.4370219333E-02    0.1049013987E-01    0.0000000000E+00    0.0000000000E+00
    0.1973435580E-05    0.5774017938E-04    0.3060316600E-03   -0.5763090950E-02    0.0000000000E+00    0.0000000000E+00
   -0.4708322586E-06   -0.9284378662E-05   -0.5471966101E-04    0.8172345437E-03    0.0000000000E+00    0.0000000000E+00
    0.8174461848E-07    0.1319750422E-05    0.8000354977E-05   -0.1089815467E-03    0.0000000000E+00    0.0000000000E+00
   -0.7691859577E-08   -0.1103079108E-06   -0.6740284223E-06    0.8735124820E-05    0.0000000000E+00    0.0000000000E+00
 l,ispin: 2*2
 psi n=1,noccmax(l):
   -0.2515474765E-01   -0.3536408586E-02    0.3208271567E-02   -0.6536670388E-01    0.0000000000E+00    0.0000000000E+00
    0.6985715720E-01    0.9909780327E-02   -0.8239980086E-02    0.1759776534E+00    0.0000000000E+00    0.0000000000E+00
   -0.1265725786E+00   -0.1904582618E-01    0.8395915617E-02   -0.2679578160E+00    0.0000000000E+00    0.0000000000E+00
    0.1996333349E+00    0.3216632745E-01    0.4837602673E-03    0.3132861354E+00    0.0000000000E+00    0.0000000000E+00
   -0.5497649250E+00   -0.9782615797E-01   -0.6334912945E-01   -0.3637996939E+00    0.0000000000E+00    0.0000000000E+00
    0.1151771165E+01    0.2050605014E+00    0.1659488308E+00    0.4249170671E+00    0.0000000000E+00    0.0000000000E+00
    0.6736932954E+00    0.1424499440E+00    0.1599614685E+00   -0.6497729227E-01    0.0000000000E+00    0.0000000000E+00
    0.2735919849E+00    0.6273130146E-01    0.4680414473E-01    0.2295583285E+00    0.0000000000E+00    0.0000000000E+00
    0.1495204733E+00    0.3641088109E-01    0.5001845915E-01   -0.9191644417E-01    0.0000000000E+00    0.0000000000E+00
    0.5528339075E-01    0.1145663926E-01    0.1269485524E-02    0.1133107287E+00    0.0000000000E+00    0.0000000000E+00
    0.2537475493E-01    0.6468573939E-02    0.1453498226E-01   -0.7191654058E-01    0.0000000000E+00    0.0000000000E+00
    0.7636718882E-02   -0.1622440731E-04   -0.6596256868E-02    0.6009265999E-01    0.0000000000E+00    0.0000000000E+00
    0.2893197156E-02   -0.1066723909E-03    0.4109611964E-02   -0.4860987500E-01    0.0000000000E+00    0.0000000000E+00
    0.4454893953E-03   -0.2500164002E-02   -0.7819037072E-02    0.3038522744E-01    0.0000000000E+00    0.0000000000E+00
    0.1363268939E-03   -0.1450163875E-02    0.8020112737E-03   -0.3234507975E-01    0.0000000000E+00    0.0000000000E+00
   -0.1545800576E-04   -0.2042994095E-02   -0.8262492000E-02    0.6917870276E-02    0.0000000000E+00    0.0000000000E+00
    0.6442736632E-05   -0.7868062773E-03    0.4361394807E-02    0.1028475440E-01    0.0000000000E+00    0.0000000000E+00
   -0.1878128552E-05    0.5703057670E-04    0.2962327079E-03   -0.5713932338E-02    0.0000000000E+00    0.0000000000E+00
    0.4481248011E-06   -0.9174091379E-05   -0.5309795815E-04    0.8116964075E-03    0.0000000000E+00    0.0000000000E+00
   -0.7783454966E-07    0.1304358405E-05    0.7769477957E-05   -0.1083249694E-03    0.0000000000E+00    0.0000000000E+00
    0.7327860353E-08   -0.1090372040E-06   -0.6548350291E-06    0.8686057567E-05    0.0000000000E+00    0.0000000000E+00
 l,ispin: 3,  1
 psi n=1,noccmax(l):
    0.3867722225E-02    0.2342886068E-01    0.1346251470E+00    0.3264697819E+00    0.0000000000E+00
   -0.7883554675E-02   -0.4782259959E-01   -0.2750128917E+00   -0.6671547210E+00    0.0000000000E+00
    0.9128092522E-02    0.5552956273E-01    0.3198311414E+00    0.7762894208E+00    0.0000000000E+00
   -0.8059343886E-02   -0.4937125668E-01   -0.2854316599E+00   -0.6932790086E+00    0.0000000000E+00
    0.6176795668E-02    0.3800712500E-01    0.2203663361E+00    0.5359701167E+00    0.0000000000E+00
   -0.5245151667E-02   -0.2848431378E-01   -0.1542702061E+00   -0.3785681246E+00    0.0000000000E+00
    0.4881974286E-02    0.2165424550E-01    0.1007392810E+00    0.2521032505E+00    0.0000000000E+00
   -0.1506558101E-02   -0.1126150409E-01   -0.7038572713E-01   -0.1721412366E+00    0.0000000000E+00
    0.9427297050E-03    0.7205096251E-02    0.4562794366E-01    0.1125321780E+00    0.0000000000E+00
   -0.1166339057E-02   -0.5633712417E-02   -0.2775784387E-01   -0.7119670333E-01    0.0000000000E+00
    0.1950752734E-03    0.2621768407E-02    0.1917893579E-01    0.4855790704E-01    0.0000000000E+00
   -0.5591822210E-03   -0.2489166871E-02   -0.1103430459E-01   -0.3050721358E-01    0.0000000000E+00
   -0.1331182845E-04    0.9017529670E-03    0.8188186112E-02    0.2251017091E-01    0.0000000000E+00
   -0.3472539213E-03   -0.1325886545E-02   -0.4084382641E-02   -0.1430187506E-01    0.0000000000E+00
   -0.9743922658E-04    0.2669203369E-03    0.3737637367E-02    0.1340818120E-01    0.0000000000E+00
   -0.2264224158E-03   -0.1012604698E-02   -0.6444850112E-03   -0.8925473147E-02    0.0000000000E+00
   -0.1167652544E-03    0.3817833780E-03   -0.7943366267E-03    0.3212119725E-02    0.0000000000E+00
    0.6286522692E-05    0.2937209689E-04    0.3695866236E-03   -0.5261230632E-03    0.0000000000E+00
   -0.8450833335E-06   -0.4313285768E-05   -0.4405672748E-04    0.8041220534E-05    0.0000000000E+00
    0.1020413137E-06    0.5313471611E-06    0.4987131035E-05    0.1104081907E-05    0.0000000000E+00
   -0.7373342645E-08   -0.3853024388E-07   -0.3453247068E-06   -0.1373031037E-06    0.0000000000E+00
 l,ispin: 3,  2
 psi n=1,noccmax(l):
    0.3867722225E-02    0.2342886068E-01    0.1346251470E+00    0.3264697819E+00    0.0000000000E+00
   -0.7883554675E-02   -0.4782259959E-01   -0.2750128917E+00   -0.6671547210E+00    0.0000000000E+00
    0.9128092522E-02    0.5552956273E-01    0.3198311414E+00    0.7762894208E+00    0.0000000000E+00
   -0.8059343886E-02   -0.4937125668E-01   -0.2854316599E+00   -0.6932790086E+00    0.0000000000E+00
    0.6176795668E-02    0.3800712500E-01    0.2203663361E+00    0.5359701167E+00    0.0000000000E+00
   -0.5245151667E-02   -0.2848431378E-01   -0.1542702061E+00   -0.3785681246E+00    0.0000000000E+00
    0.4881974286E-02    0.2165424550E-01    0.1007392810E+00    0.2521032505E+00    0.0000000000E+00
   -0.1506558101E-02   -0.1126150409E-01   -0.7038572713E-01   -0.1721412366E+00    0.0000000000E+00
    0.9427297050E-03    0.7205096251E-02    0.4562794366E-01    0.1125321780E+00    0.0000000000E+00
   -0.1166339057E-02   -0.5633712417E-02   -0.2775784387E-01   -0.7119670333E-01    0.0000000000E+00
    0.1950752734E-03    0.2621768407E-02    0.1917893579E-01    0.4855790704E-01    0.0000000000E+00
   -0.5591822210E-03   -0.2489166871E-02   -0.1103430459E-01   -0.3050721358E-01    0.0000000000E+00
   -0.1331182845E-04    0.9017529670E-03    0.8188186112E-02    0.2251017091E-01    0.0000000000E+00
   -0.3472539213E-03   -0.1325886545E-02   -0.4084382641E-02   -0.1430187506E-01    0.0000000000E+00
   -0.9743922658E-04    0.2669203369E-03    0.3737637367E-02    0.1340818120E-01    0.0000000000E+00
   -0.2264224158E-03   -0.1012604698E-02   -0.6444850112E-03   -0.8925473147E-02    0.0000000000E+00
   -0.1167652544E-03    0.3817833780E-03   -0.7943366267E-03    0.3212119725E-02    0.0000000000E+00
    0.6286522692E-05    0.2937209689E-04    0.3695866236E-03   -0.5261230632E-03    0.0000000000E+00
   -0.8450833335E-06   -0.4313285768E-05   -0.4405672748E-04    0.8041220534E-05    0.0000000000E+00
    0.1020413137E-06    0.5313471611E-06    0.4987131035E-05    0.1104081907E-05    0.0000000000E+00
   -0.7373342645E-08   -0.3853024388E-07   -0.3453247068E-06   -0.1373031037E-06    0.0000000000E+00
