 Initial weight-guess from atomic-program
 ----------------------------------------
    .1E+03          weight_psir0
    n   l  so   eigenvalue      charge  dcharge    ddcharge   residue rnode dnode ddnode
   5   0  .50  1.0e5        1.0e5       0            0        1.e3    1.0e5  0     0
   6   0  .50  1.0e7        1.0e7       0            0        1.e5    0.0e3  0     0
   7   0  .50  0            0           0            0        0       0      0     0 
   8   0  .50  0            0           0            0        0       0      0     0 
   5   1 -.50  1.0e5        1.0e5       0            0        1.e3    1.e5   0     0 
   5   1  .50  1.0e5        1.0e5       0            0        1.e3    1.e5   0     0 
   6   1 -.50  1.0e7        1.0e7       0            0        1.e5    0.e3   0     0 
   6   1  .50  1.0e7        1.0e7       0            0        1.e3    0.e3    0     0 
   7   1 -.50  0            0           0            0        0        0      0     0 
   7   1  .50  0            0           0            0        0        0      0     0 
   8   1 -.50  0            0           0            0        0        0      0     0 
   8   1  .50  0            0           0            0        0        0      0     0 
   5   2 -.50  1.0e7       1.0e7        0            0        1.e5     0      0     0 
   5   2  .50  1.0e7       1.0e7        0            0        1.e5     0      0     0 
   6   2 -.50  1.0e5       1.0e5        0            0        0        0      0     0 
   6   2  .50  1.0e5       1.0e5        0            0        0        0      0     0 
   7   2 -.50  0            0           0            0        0        0      0     0 
   7   2  .50  0            0           0            0        0        0      0     0 
   5   3 -.50  1.0e4        1.0e2       0            0        0        0      0     0 
   5   3  .50  1.0e4        1.0e2       0            0        0        0      0     0 
   6   3 -.50  1.0e2        0           0            0        0        0      0     0 
   6   3  .50  1.0e2        0           0            0        0        0      0     0 
