&ATOM
  NAME  V
  PPOT
  ZVAL  23
  ZEFF  13
  LMAX  2
  OCCU
           2        2 2
         1          6
         1          3
  MIXI  0.2
  CONV  1.0D-12
  ITER  200
  IPPN  100
  XCFN  PBE
&END

&BASIS
  GAUS
  4 
      5.910706115058      2.306943348152      0.708807084394      0.099784699398 
 1 2 3 4
4 
      5.910706115058      2.306943348152      0.708807084394      0.099784699398 
 1 2 3 4
4 
      5.910706115058      2.306943348152      0.708807084394      0.099784699398 
 1 2 3 4
4 
      5.910706115058      2.306943348152      0.708807084394      0.099784699398 
 1 2 3 4

&END
 &POTENTIAL
     GOEDECKER
            3                                    LMAX
      0.375000000                                 RC
   2     7.474703544    -0.370263635   #C  C1 C2
      0.327795440  2   1.940877619   4.725688241  -6.100837285 H(s) 11 12 22           
      0.244765903  2  -5.978167049   9.358639150 -11.073291177 H(p) 11 12 22           
      0.241738790  1  -9.499891101 H(d) 11                 
 &END
