&ATOM
  NAME  Pt
  PPOT
  ZVAL  78
  ZEFF  10
  LMAX  2
  OCCU
           1          1
         1          0
         1          9
  MIXI  0.2
  CONV  1.0D-12
  ITER  200
  IPPN  100
  XCFN  PBE
&END

&BASIS
  GAUS
  5 
      1.423767560891      0.789376118970      0.408827406226      0.166695294002      0.059439929138 
 1 2 3 4 5
5 
      1.423767560891      0.789376118970      0.408827406226      0.166695294002      0.059439929138 
 1 2 3 4 5
5 
      1.423767560891      0.789376118970      0.408827406226      0.166695294002      0.059439929138 
 1 2 3 4 5

&END
 &POTENTIAL
     GOEDECKER
            3                                    LMAX
      0.616000000                                 RC
   1    11.313635250   #C  C1
      0.550904262  2   4.733491097  -1.784594011   2.303900961 H(s) 11 12 22           
      0.674137806  2   2.534798496  -1.778065550   2.103835531 H(p) 11 12 22           
      0.457392428  2  -7.264011007   2.558664800  -2.901253178 H(d) 11 12 22           
 &END
