&ATOM
  NAME  Pt
  PPOT
  ZVAL  78
  ZEFF  18
  LMAX  2
  OCCU
           2        2 1
         1          6
         1          9
  MIXI  0.2
  CONV  1.0D-12
  ITER  200
  IPPN  100
  XCFN  PBE
&END

&BASIS
  GAUS
  6 
      5.598237588781      5.569443894200      1.570114303059      0.679872767382      0.261700820963      0.078731191857 
 1 2 3 4 5 6
6 
      5.598237588781      5.569443894200      1.570114303059      0.679872767382      0.261700820963      0.078731191857 
 1 2 3 4 5 6
6 
      5.598237588781      5.569443894200      1.570114303059      0.679872767382      0.261700820963      0.078731191857 
 1 2 3 4 5 6
6 
      5.598237588781      5.569443894200      1.570114303059      0.679872767382      0.261700820963      0.078731191857 
 1 2 3 4 5 6

&END
 &POTENTIAL
     GOEDECKER
            3                                    LMAX
      0.500000000                                 RC
   2     8.814323237    -0.292509431   #C  C1 C2
      0.298002214  3  -5.968384978  24.212899660 -13.789679320 -53.687634130  35.604798900 -28.260433010 H(s) 11 12 13 22 23 33  
      0.360171820  3  -6.668659040   7.170659223   0.766903697  -7.207660718  -1.814825383   1.289806041 H(p) 11 12 13 22 23 33  
      0.340532064  2  -8.589904546   9.410122005 -10.670075416 H(d) 11 12 22           
 &END
