&ATOM
  NAME  V
  PPOT
  ZVAL  23
  ZEFF  13
  LMAX  2
  OCCU
           2        2 2
         1          6
         1          3
  MIXI  0.2
  CONV  1.0D-12
  ITER  200
  IPPN  100
  XCFN  PBE
&END

&BASIS
  GAUS
  7 
      8.072736871471      4.446924245562      1.897210759293      0.838631694371      0.342277561366      0.126460789164      0.044377926479 
 1 2 3 4 5 6 7
7 
      8.072736871471      4.446924245562      1.897210759293      0.838631694371      0.342277561366      0.126460789164      0.044377926479 
 1 2 3 4 5 6 7
7 
      8.072736871471      4.446924245562      1.897210759293      0.838631694371      0.342277561366      0.126460789164      0.044377926479 
 1 2 3 4 5 6 7
7 
      8.072736871471      4.446924245562      1.897210759293      0.838631694371      0.342277561366      0.126460789164      0.044377926479 
 1 2 3 4 5 6 7

&END
 &POTENTIAL
     GOEDECKER
            3                                    LMAX
      0.375000000                                 RC
   2     7.474703544    -0.370263635   #C  C1 C2
      0.327795440  2   1.940877619   4.725688241  -6.100837285 H(s) 11 12 22           
      0.244765903  2  -5.978167049   9.358639150 -11.073291177 H(p) 11 12 22           
      0.241738790  1  -9.499891101 H(d) 11                 
 &END
