&ATOM
  NAME  Br
  PPOT
  ZVAL  35
  ZEFF  7
  LMAX  1
  OCCU
           1          2
         1          5
  MIXI  0.2
  CONV  1.0D-12
  ITER  200
  IPPN  100
  XCFN  PBE
&END

&BASIS
  GAUS
  9 
      5.970020916548      5.590126853272      4.685669401550      1.716554896140      1.002881751544      0.472852278388      0.236540222303      0.112129671247      0.050719806468 
 1 2 3 4 5 6 7 8 9
9 
      5.970020916548      5.590126853272      4.685669401550      1.716554896140      1.002881751544      0.472852278388      0.236540222303      0.112129671247      0.050719806468 
 1 2 3 4 5 6 7 8 9

&END
 &POTENTIAL
     GOEDECKER
            3                                    LMAX
      0.500000000                                 RC
   0   #C 
      0.438038916  3   6.078556320   0.330498171  -1.238382258  -2.440900198   3.197489241  -2.537928406 H(s) 11 12 13 22 23 33  
      0.453135610  2   2.459303807   0.522753133  -0.618529849 H(p) 11 12 22           
      0.567713828  1   0.559266446 H(d) 11                 
 &END
