&ATOM
  NAME  Na
  PPOT
  ZVAL  11
  ZEFF  9
  LMAX  1
  OCCU
           2        2 1
         1          6
  MIXI  0.2
  CONV  1.0D-12
  ITER  200
  IPPN  100
  XCFN  PBE
&END

&BASIS
  GAUS
  9 
     23.483610313266     12.911527926544      6.428801447955      3.037294698441      1.403858715953      0.623728755589      0.258695516354      0.064062918049      0.023075558231 
 1 2 3 4 5 6 7 8 9
9 
     23.483610313266     12.911527926544      6.428801447955      3.037294698441      1.403858715953      0.623728755589      0.258695516354      0.064062918049      0.023075558231 
 1 2 3 4 5 6 7 8 9
9 
     23.483610313266     12.911527926544      6.428801447955      3.037294698441      1.403858715953      0.623728755589      0.258695516354      0.064062918049      0.023075558231 
 1 2 3 4 5 6 7 8 9

&END
 &POTENTIAL
     GOEDECKER
 2                                    LMAX
       .236523220                                 RC
   2      .295104995     -.913884881   #C  C1 C2
       .143560464  1  34.601492280 H(s) 11                 
       .129932241  1 -14.277461677 H(p) 11                 
 &END
