&ATOM
  NAME  Ti
  PPOT
  ZVAL  22
  ZEFF  12
  LMAX  2
  OCCU
           2        2 2
         1          6
         1          2
  MIXI  0.2
  CONV  1.0D-12
  ITER  200
  IPPN  100
  XCFN  PBE
&END

&BASIS
  GAUS
  6 
      7.872337481867      3.891030103264      1.500759360857      0.591157449074      0.200961042726      0.056879030632 
 1 2 3 4 5 6
6 
      7.872337481867      3.891030103264      1.500759360857      0.591157449074      0.200961042726      0.056879030632 
 1 2 3 4 5 6
6 
      7.872337481867      3.891030103264      1.500759360857      0.591157449074      0.200961042726      0.056879030632 
 1 2 3 4 5 6
6 
      7.872337481867      3.891030103264      1.500759360857      0.591157449074      0.200961042726      0.056879030632 
 1 2 3 4 5 6

&END
 &POTENTIAL
     GOEDECKER
 3                                    LMAX
      0.380000000                                 RC
   2     8.711442178    -0.700286767   #C  C1 C2
      0.337770780  2   2.575263862   3.692970655  -4.767604615 H(s) 11 12 22           
      0.242531348  2  -4.630541229   8.870875015 -10.496160867 H(p) 11 12 22           
      0.243316935  1  -9.406652678 H(d) 11                 
 &END
