&ATOM
  NAME  Se
  PPOT
  ZVAL  34
  ZEFF  6
  LMAX  1
  OCCU
           1          2
         1          4
  MIXI  0.2
  CONV  1.0D-12
  ITER  200
  IPPN  100
  XCFN  PBE
&END

&BASIS
  GAUS
  8 
      2.680101085036      2.647230424261      1.165170726801      0.674301970552      0.325034412721      0.162592227664      0.080662448851      0.037758048156 
 1 2 3 4 5 6 7 8
8 
      2.680101085036      2.647230424261      1.165170726801      0.674301970552      0.325034412721      0.162592227664      0.080662448851      0.037758048156 
 1 2 3 4 5 6 7 8

&END
 &POTENTIAL
     GOEDECKER
            3                                    LMAX
      0.510000000                                 RC
   0   #C 
      0.432460050  3   6.518109904  -0.222716390  -1.196128993  -1.657978329   3.088391780  -2.451334980 H(s) 11 12 13 22 23 33  
      0.470491623  2   2.281262234   0.365335294  -0.432270549 H(p) 11 12 22           
      0.625600343  1   0.439799479 H(d) 11                 
 &END
