&ATOM
  NAME  K
  PPOT
  ZVAL  19
  ZEFF  9
  LMAX  1
  OCCU
           2        2 1
         1          6
  MIXI  0.2
  CONV  1.0D-12
  ITER  200
  IPPN  100
  XCFN  PBE
&END

&BASIS
  GAUS
  6 
      4.016869012724      3.995405732912      1.232625162539      0.517799928228      0.197350913439      0.030032349221 
 1 2 3 4 5 6
6 
      4.016869012724      3.995405732912      1.232625162539      0.517799928228      0.197350913439      0.030032349221 
 1 2 3 4 5 6
6 
      4.016869012724      3.995405732912      1.232625162539      0.517799928228      0.197350913439      0.030032349221 
 1 2 3 4 5 6

&END
 &POTENTIAL
     GOEDECKER
            2                                    LMAX
      0.400000000                                 RC
   2    -3.363551844    -1.086529754   #C  C1 C2
      0.305317720  2  17.850623210  -5.622648699   7.258808258 H(s) 11 12 22           
      0.316484324  2   7.333780206  -2.460945050   2.911829451 H(p) 11 12 22           
 &END
