&ATOM
  NAME  Zr
  PPOT
  ZVAL  40
  ZEFF  12
  LMAX  2
  OCCU
           2        2 2
         1          6
         1          2
  MIXI  0.2
  CONV  1.0D-12
  ITER  200
  IPPN  100
  XCFN  PBE
&END

&BASIS
  GAUS
  8 
      7.468076678713      3.011849154915      1.659720506836      0.838264403190      0.408001681881      0.187801092852      0.083706987079      0.032667831411 
 1 2 3 4 5 6 7 8
8 
      7.468076678713      3.011849154915      1.659720506836      0.838264403190      0.408001681881      0.187801092852      0.083706987079      0.032667831411 
 1 2 3 4 5 6 7 8
8 
      7.468076678713      3.011849154915      1.659720506836      0.838264403190      0.408001681881      0.187801092852      0.083706987079      0.032667831411 
 1 2 3 4 5 6 7 8
8 
      7.468076678713      3.011849154915      1.659720506836      0.838264403190      0.408001681881      0.187801092852      0.083706987079      0.032667831411 
 1 2 3 4 5 6 7 8

&END
 &POTENTIAL
     GOEDECKER
 3                                    LMAX
       .470000000                                 RC
   2     7.796056767    -1.893210305   #C  C1 C2
       .259828846  2  23.380874170  -8.571939326  11.066326090 H(s) 11 12 22           
       .288968991  2   8.592765812  -5.377358083   6.362575889 H(p) 11 12 22           
       .581245041  2    .027810640    .276861857   -.313931838 H(d) 11 12 22           
 &END
