&ATOM
  NAME  Zn
  PPOT
  ZVAL  30
  ZEFF  12
  LMAX  2
  OCCU
           1          2
         1          0
         1         10
  MIXI  0.2
  CONV  1.0D-12
  ITER  200
  IPPN  100
  XCFN  PBE
&END

&BASIS
  GAUS
  9 
      6.707923508045      3.985284573079      2.563827376884      1.732690912402      0.894602938340      0.430990107960      0.199254996562      0.085916416642      0.037223174264 
 1 2 3 4 5 6 7 8 9
9 
      6.707923508045      3.985284573079      2.563827376884      1.732690912402      0.894602938340      0.430990107960      0.199254996562      0.085916416642      0.037223174264 
 1 2 3 4 5 6 7 8 9
9 
      6.707923508045      3.985284573079      2.563827376884      1.732690912402      0.894602938340      0.430990107960      0.199254996562      0.085916416642      0.037223174264 
 1 2 3 4 5 6 7 8 9

&END
 &POTENTIAL
     GOEDECKER
            3                                    LMAX
      0.510000000                                 RC
   0   #C 
      0.400316436  3  11.530041330  -8.791898150   3.145086441  16.465775180  -8.120578271   6.445509182 H(s) 11 12 13 22 23 33  
      0.543182331  2   2.597195124  -0.594262752   0.703141170 H(p) 11 12 22           
      0.250958848  1 -14.466957950 H(d) 11                 
 &END
