&ATOM
  NAME  Cu
  PPOT
  ZVAL  29
  ZEFF  11
  LMAX  2
  OCCU
           1          1
         1          0
         1         10
  MIXI  0.2
  CONV  1.0D-12
  ITER  200
  IPPN  100
  XCFN  PBE
&END

&BASIS
  GAUS
  8 
     20.370465390408      6.081589614607      3.486841801097      1.682089016177      0.764170001517      0.321258702609      0.123381266263      0.043812624867 
 1 2 3 4 5 6 7 8
8 
     20.370465390408      6.081589614607      3.486841801097      1.682089016177      0.764170001517      0.321258702609      0.123381266263      0.043812624867 
 1 2 3 4 5 6 7 8
8 
     20.370465390408      6.081589614607      3.486841801097      1.682089016177      0.764170001517      0.321258702609      0.123381266263      0.043812624867 
 1 2 3 4 5 6 7 8

&END
 &POTENTIAL
     GOEDECKER
            3                                    LMAX
      0.530000000                                 RC
   0   #C 
      0.431355053  3   9.693805066  -6.470165354   1.935952150  11.501773960  -4.998606957   3.967521273 H(s) 11 12 13 22 23 33  
      0.561391554  2   2.545473302  -0.784635733   0.928393520 H(p) 11 12 22           
      0.264554851  1 -12.828614060 H(d) 11                 
 &END
