&ATOM
  NAME  Cr
  PPOT
  ZVAL  24
  ZEFF  14
  LMAX  2
  OCCU
           2        2 1
         1          6
         1          5
  MIXI  0.2
  CONV  1.0D-12
  ITER  200
  IPPN  100
  XCFN  PBE
&END

&BASIS
  GAUS
  5 
      7.902027454604      3.555952141726      1.322006759625      0.414394740134      0.088823862844 
 1 2 3 4 5
5 
      7.902027454604      3.555952141726      1.322006759625      0.414394740134      0.088823862844 
 1 2 3 4 5
5 
      7.902027454604      3.555952141726      1.322006759625      0.414394740134      0.088823862844 
 1 2 3 4 5
5 
      7.902027454604      3.555952141726      1.322006759625      0.414394740134      0.088823862844 
 1 2 3 4 5

&END
 &POTENTIAL
     GOEDECKER
            3                                    LMAX
      0.370000000                                 RC
   2     5.699657637    -0.695485993   #C  C1 C2
      0.313934415  2   2.869954736   4.974456481  -6.421995702 H(s) 11 12 22           
      0.240866239  2  -4.476208671   7.331414397  -8.674646499 H(p) 11 12 22           
      0.220286325  1 -11.197116408 H(d) 11                 
 &END
