&ATOM
  NAME  Kr
  PPOT
  ZVAL  36
  ZEFF  8
  LMAX  1
  OCCU
           1          2
         1          6
  MIXI  0.2
  CONV  1.0D-12
  ITER  200
  IPPN  100
  XCFN  PBE
&END

&BASIS
  GAUS
  7 
      3.290830777604      3.246212702376      1.702313413365      0.775262756650      0.365340731253      0.163028582679      0.069809074392 
 1 2 3 4 5 6 7
7 
      3.290830777604      3.246212702376      1.702313413365      0.775262756650      0.365340731253      0.163028582679      0.069809074392 
 1 2 3 4 5 6 7

&END
 &POTENTIAL
     GOEDECKER
            3                                    LMAX
      0.500000000                                 RC
   0   #C 
      0.421657173  3   6.465303578   0.538660487  -1.502601182  -3.139388703   3.879699569  -3.079416066 H(s) 11 12 13 22 23 33  
      0.433744371  2   2.601165353   0.705109782  -0.834297146 H(p) 11 12 22           
      0.524690730  1   0.635594723 H(d) 11                 
 &END
