&ATOM
  NAME  Ca
  PPOT
  ZVAL  20
  ZEFF  10
  LMAX  1
  OCCU
           2        2 2
         1          6
  MIXI  0.2
  CONV  1.0D-12
  ITER  200
  IPPN  100
  XCFN  PBE
&END

&BASIS
  GAUS
  7 
      5.927072380308      4.005945741294      1.596739741956      0.712689884883      0.289660342055      0.071944249190      0.028558965357 
 1 2 3 4 5 6 7
7 
      5.927072380308      4.005945741294      1.596739741956      0.712689884883      0.289660342055      0.071944249190      0.028558965357 
 1 2 3 4 5 6 7
7 
      5.927072380308      4.005945741294      1.596739741956      0.712689884883      0.289660342055      0.071944249190      0.028558965357 
 1 2 3 4 5 6 7

&END
 &POTENTIAL
     GOEDECKER
 3                                    LMAX
       .390000000                                 RC
   2    -4.167072218    -1.583797809   #C  C1 C2
       .289355720  2  20.531876350  -7.129785783   9.204513867 H(s) 11 12 22           
       .327882062  2   5.805605128   -.428753365    .507307823 H(p) 11 12 22           
       .679617129  1    .058068261 H(d) 11                 
 &END
