&ATOM
  NAME  Ti
  PPOT
  ZVAL  22
  ZEFF  12
  LMAX  2
  OCCU
           2        2 2
         1          6
         1          2
  MIXI  0.2
  CONV  1.0D-12
  ITER  200
  IPPN  100
  XCFN  PBE
&END

&BASIS
  GAUS
  4 
      5.695833332726      2.205053601824      0.671050933462      0.086589438563 
 1 2 3 4
4 
      5.695833332726      2.205053601824      0.671050933462      0.086589438563 
 1 2 3 4
4 
      5.695833332726      2.205053601824      0.671050933462      0.086589438563 
 1 2 3 4
4 
      5.695833332726      2.205053601824      0.671050933462      0.086589438563 
 1 2 3 4

&END
 &POTENTIAL
     GOEDECKER
 3                                    LMAX
      0.380000000                                 RC
   2     8.711442178    -0.700286767   #C  C1 C2
      0.337770780  2   2.575263862   3.692970655  -4.767604615 H(s) 11 12 22           
      0.242531348  2  -4.630541229   8.870875015 -10.496160867 H(p) 11 12 22           
      0.243316935  1  -9.406652678 H(d) 11                 
 &END
