&ATOM
  NAME  Na
  PPOT
  ZVAL  11
  ZEFF  9
  LMAX  1
  OCCU
           2        2 1
         1          6
  MIXI  0.2
  CONV  1.0D-12
  ITER  200
  IPPN  100
  XCFN  PBE
&END

&BASIS
  GAUS
  7 
     23.381179064808     11.088754254051      4.640861293147      1.860641835874      0.726979069503      0.271287156132      0.040880432882 
 1 2 3 4 5 6 7
7 
     23.381179064808     11.088754254051      4.640861293147      1.860641835874      0.726979069503      0.271287156132      0.040880432882 
 1 2 3 4 5 6 7
7 
     23.381179064808     11.088754254051      4.640861293147      1.860641835874      0.726979069503      0.271287156132      0.040880432882 
 1 2 3 4 5 6 7

&END
 &POTENTIAL
     GOEDECKER
 2                                    LMAX
       .236523220                                 RC
   2      .295104995     -.913884881   #C  C1 C2
       .143560464  1  34.601492280 H(s) 11                 
       .129932241  1 -14.277461677 H(p) 11                 
 &END
