&ATOM
  NAME  Ni
  PPOT
  ZVAL  28
  ZEFF  18
  LMAX  2
  OCCU
           2        2 2
         1          6
         1          8
  MIXI  0.2
  CONV  1.0D-12
  ITER  200
  IPPN  100
  XCFN  PBE
&END

&BASIS
  GAUS
  7 
     10.327312272465      6.492069121490      3.019157866512      1.307039385488      0.523186117871      0.190544761544      0.061103046903 
 1 2 3 4 5 6 7
7 
     10.327312272465      6.492069121490      3.019157866512      1.307039385488      0.523186117871      0.190544761544      0.061103046903 
 1 2 3 4 5 6 7
7 
     10.327312272465      6.492069121490      3.019157866512      1.307039385488      0.523186117871      0.190544761544      0.061103046903 
 1 2 3 4 5 6 7
7 
     10.327312272465      6.492069121490      3.019157866512      1.307039385488      0.523186117871      0.190544761544      0.061103046903 
 1 2 3 4 5 6 7

&END
 &POTENTIAL
     GOEDECKER
            3                                    LMAX
      0.350000000                                 RC
   2     2.102165980     0.648483867   #C  C1 C2
      0.261295297  2   0.622658472   9.970226674 -12.871507290 H(s) 11 12 22           
      0.224253463  2 -11.142708220  12.429566440 -14.706861340 H(p) 11 12 22           
      0.215348245  1 -12.628145504 H(d) 11                 
 &END
