&ATOM
  NAME  Ca
  PPOT
  ZVAL  20
  ZEFF  10
  LMAX  1
  OCCU
           2        2 2
         1          6
  MIXI  0.2
  CONV  1.0D-12
  ITER  200
  IPPN  100
  XCFN  PBE
&END

&BASIS
  GAUS
  9 
      8.506743407423      8.415132688478      3.589163713563      1.913232777797      0.942783794615      0.469235428789      0.218109920315      0.073822506626      0.028382313864 
 1 2 3 4 5 6 7 8 9
9 
      8.506743407423      8.415132688478      3.589163713563      1.913232777797      0.942783794615      0.469235428789      0.218109920315      0.073822506626      0.028382313864 
 1 2 3 4 5 6 7 8 9
9 
      8.506743407423      8.415132688478      3.589163713563      1.913232777797      0.942783794615      0.469235428789      0.218109920315      0.073822506626      0.028382313864 
 1 2 3 4 5 6 7 8 9

&END
 &POTENTIAL
     GOEDECKER
 3                                    LMAX
       .390000000                                 RC
   2    -4.167072218    -1.583797809   #C  C1 C2
       .289355720  2  20.531876350  -7.129785783   9.204513867 H(s) 11 12 22           
       .327882062  2   5.805605128   -.428753365    .507307823 H(p) 11 12 22           
       .679617129  1    .058068261 H(d) 11                 
 &END
