&ATOM
  NAME  Zr
  PPOT
  ZVAL  40
  ZEFF  12
  LMAX  2
  OCCU
           2        2 2
         1          6
         1          2
  MIXI  0.2
  CONV  1.0D-12
  ITER  200
  IPPN  100
  XCFN  PBE
&END

&BASIS
  GAUS
  9 
      7.325096131679      3.108187920819      1.719664579092      0.966357749094      0.511881434372      0.254922768990      0.132091200054      0.062173176076      0.027575582313 
 1 2 3 4 5 6 7 8 9
9 
      7.325096131679      3.108187920819      1.719664579092      0.966357749094      0.511881434372      0.254922768990      0.132091200054      0.062173176076      0.027575582313 
 1 2 3 4 5 6 7 8 9
9 
      7.325096131679      3.108187920819      1.719664579092      0.966357749094      0.511881434372      0.254922768990      0.132091200054      0.062173176076      0.027575582313 
 1 2 3 4 5 6 7 8 9
9 
      7.325096131679      3.108187920819      1.719664579092      0.966357749094      0.511881434372      0.254922768990      0.132091200054      0.062173176076      0.027575582313 
 1 2 3 4 5 6 7 8 9

&END
 &POTENTIAL
     GOEDECKER
 3                                    LMAX
       .470000000                                 RC
   2     7.796056767    -1.893210305   #C  C1 C2
       .259828846  2  23.380874170  -8.571939326  11.066326090 H(s) 11 12 22           
       .288968991  2   8.592765812  -5.377358083   6.362575889 H(p) 11 12 22           
       .581245041  2    .027810640    .276861857   -.313931838 H(d) 11 12 22           
 &END
