&ATOM
  NAME  Sc
  PPOT
  ZVAL  21
  ZEFF  11
  LMAX  2
  OCCU
           2        2 2
         1          6
         1          1
  MIXI  0.2
  CONV  1.0D-12
  ITER  200
  IPPN  100
  XCFN  PBE
&END

&BASIS
  GAUS
  7 
      7.732650727706      3.679798261801      1.517081176990      0.673353575003      0.274931306682      0.100044507859      0.036875099156 
 1 2 3 4 5 6 7
7 
      7.732650727706      3.679798261801      1.517081176990      0.673353575003      0.274931306682      0.100044507859      0.036875099156 
 1 2 3 4 5 6 7
7 
      7.732650727706      3.679798261801      1.517081176990      0.673353575003      0.274931306682      0.100044507859      0.036875099156 
 1 2 3 4 5 6 7
7 
      7.732650727706      3.679798261801      1.517081176990      0.673353575003      0.274931306682      0.100044507859      0.036875099156 
 1 2 3 4 5 6 7

&END
 &POTENTIAL
     GOEDECKER
            3                                    LMAX
      0.385000000                                 RC
   2     8.214900299    -0.557059101   #C  C1 C2
      0.363611078  2   2.646533388   3.021083934  -3.900202588 H(s) 11 12 22           
      0.243897776  2  -2.634822649   7.992137154  -9.456424209 H(p) 11 12 22           
      0.253205749  1  -8.165947694 H(d) 11                 
 &END
