&ATOM
  NAME  Au
  PPOT
  ZVAL  79
  ZEFF  11
  LMAX  2
  OCCU
           1          1
         1          0
         1         10
  MIXI  0.2
  CONV  1.0D-12
  ITER  200
  IPPN  100
  XCFN  PBE
&END

&BASIS
  GAUS
  9 
      8.993795329145      7.809971195762      1.899810055022      1.849882125227      0.880678588878      0.436347829091      0.208369998421      0.094247327986      0.040228921565 
 1 2 3 4 5 6 7 8 9
9 
      8.993795329145      7.809971195762      1.899810055022      1.849882125227      0.880678588878      0.436347829091      0.208369998421      0.094247327986      0.040228921565 
 1 2 3 4 5 6 7 8 9
9 
      8.993795329145      7.809971195762      1.899810055022      1.849882125227      0.880678588878      0.436347829091      0.208369998421      0.094247327986      0.040228921565 
 1 2 3 4 5 6 7 8 9

&END
 &POTENTIAL
     GOEDECKER
            3                                    LMAX
      0.590000000                                 RC
   1    10.517178810   #C  C1
      0.543847335  2   5.786811029  -2.250679662   2.905614950 H(s) 11 12 22           
      0.609172985  2   4.284048731  -4.071285202   4.817209615 H(p) 11 12 22           
      0.437309223  2  -7.403281239   3.010193067  -3.413238109 H(d) 11 12 22           
 &END
