&ATOM
  NAME  Zr
  PPOT
  ZVAL  40
  ZEFF  12
  LMAX  2
  OCCU
           2        2 2
         1          6
         1          2
  MIXI  0.2
  CONV  1.0D-12
  ITER  200
  IPPN  100
  XCFN  PBE
&END

&BASIS
  GAUS
  7 
      7.738248806502      2.881049257442      1.481202869000      0.668737876639      0.281815392351      0.109801829160      0.039861505774 
 1 2 3 4 5 6 7
7 
      7.738248806502      2.881049257442      1.481202869000      0.668737876639      0.281815392351      0.109801829160      0.039861505774 
 1 2 3 4 5 6 7
7 
      7.738248806502      2.881049257442      1.481202869000      0.668737876639      0.281815392351      0.109801829160      0.039861505774 
 1 2 3 4 5 6 7
7 
      7.738248806502      2.881049257442      1.481202869000      0.668737876639      0.281815392351      0.109801829160      0.039861505774 
 1 2 3 4 5 6 7

&END
 &POTENTIAL
     GOEDECKER
 3                                    LMAX
       .470000000                                 RC
   2     7.796056767    -1.893210305   #C  C1 C2
       .259828846  2  23.380874170  -8.571939326  11.066326090 H(s) 11 12 22           
       .288968991  2   8.592765812  -5.377358083   6.362575889 H(p) 11 12 22           
       .581245041  2    .027810640    .276861857   -.313931838 H(d) 11 12 22           
 &END
