&ATOM
  NAME  Zn
  PPOT
  ZVAL  30
  ZEFF  12
  LMAX  2
  OCCU
           1          2
         1          0
         1         10
  MIXI  0.2
  CONV  1.0D-12
  ITER  200
  IPPN  100
  XCFN  PBE
&END

&BASIS
  GAUS
  7 
      6.683462014734      3.882682468757      1.994990653054      0.949162860406      0.401395940273      0.151249604250      0.054110762311 
 1 2 3 4 5 6 7
7 
      6.683462014734      3.882682468757      1.994990653054      0.949162860406      0.401395940273      0.151249604250      0.054110762311 
 1 2 3 4 5 6 7
7 
      6.683462014734      3.882682468757      1.994990653054      0.949162860406      0.401395940273      0.151249604250      0.054110762311 
 1 2 3 4 5 6 7

&END
 &POTENTIAL
     GOEDECKER
            3                                    LMAX
      0.510000000                                 RC
   0   #C 
      0.400316436  3  11.530041330  -8.791898150   3.145086441  16.465775180  -8.120578271   6.445509182 H(s) 11 12 13 22 23 33  
      0.543182331  2   2.597195124  -0.594262752   0.703141170 H(p) 11 12 22           
      0.250958848  1 -14.466957950 H(d) 11                 
 &END
