&ATOM
  NAME  Na
  PPOT
  ZVAL  11
  ZEFF  9
  LMAX  1
  OCCU
           2        2 1
         1          6
  MIXI  0.2
  CONV  1.0D-12
  ITER  200
  IPPN  100
  XCFN  PBE
&END

&BASIS
  GAUS
  8 
     23.513139697272     11.543221501943      4.986065156398      2.065045997930      0.832501648827      0.319042817246      0.065834068872      0.023892863881 
 1 2 3 4 5 6 7 8
8 
     23.513139697272     11.543221501943      4.986065156398      2.065045997930      0.832501648827      0.319042817246      0.065834068872      0.023892863881 
 1 2 3 4 5 6 7 8
8 
     23.513139697272     11.543221501943      4.986065156398      2.065045997930      0.832501648827      0.319042817246      0.065834068872      0.023892863881 
 1 2 3 4 5 6 7 8

&END
 &POTENTIAL
     GOEDECKER
 2                                    LMAX
       .236523220                                 RC
   2      .295104995     -.913884881   #C  C1 C2
       .143560464  1  34.601492280 H(s) 11                 
       .129932241  1 -14.277461677 H(p) 11                 
 &END
