&ATOM
  NAME  Te
  PPOT
  ZVAL  52
  ZEFF  6
  LMAX  1
  OCCU
           1          2
         1          4
  MIXI  0.2
  CONV  1.0D-12
  ITER  200
  IPPN  100
  XCFN  PBE
&END

&BASIS
  GAUS
  9 
      3.218803188057      2.778952712132      2.519535768149      1.035676604097      0.531082358516      0.262596663710      0.133420160710      0.067366045033      0.032248665536 
 1 2 3 4 5 6 7 8 9
9 
      3.218803188057      2.778952712132      2.519535768149      1.035676604097      0.531082358516      0.262596663710      0.133420160710      0.067366045033      0.032248665536 
 1 2 3 4 5 6 7 8 9

&END
 &POTENTIAL
     GOEDECKER
            3                                    LMAX
      0.575000000                                 RC
   1     8.713648681   #C  C1
      0.574922399  3   1.401812729   0.978779916  -0.486306023  -2.054576244   1.255636753  -0.996630775 H(s) 11 12 13 22 23 33  
      0.589890763  2   0.764788655   0.323986231  -0.383345678 H(p) 11 12 22           
      0.813389249  1   0.344858203 H(d) 11                 
 &END
