&ATOM
  NAME  Ga
  PPOT
  ZVAL  31
  ZEFF  13
  LMAX  2
  OCCU
           2        2 1
         1          0
         1         10
  MIXI  0.2
  CONV  1.0D-12
  ITER  200
  IPPN  100
  XCFN  PBE
&END

&BASIS
  GAUS
  6 
      6.914181088156      3.154159226038      1.217898086883      0.443061197051      0.137171277017      0.015144919538 
 1 2 3 4 5 6
6 
      6.914181088156      3.154159226038      1.217898086883      0.443061197051      0.137171277017      0.015144919538 
 1 2 3 4 5 6
6 
      6.914181088156      3.154159226038      1.217898086883      0.443061197051      0.137171277017      0.015144919538 
 1 2 3 4 5 6
6 
      6.914181088156      3.154159226038      1.217898086883      0.443061197051      0.137171277017      0.015144919538 
 1 2 3 4 5 6

&END
 &POTENTIAL
     GOEDECKER
            3                                    LMAX
      0.490000000                                 RC
   0   #C 
      0.413962238  3  10.592918370  -5.152802656   0.775293585   7.913254735  -2.001799429   1.588879039 H(s) 11 12 13 22 23 33  
      0.570154398  2   1.759998061   0.251224382  -0.297252698 H(p) 11 12 22           
      0.238367518  1 -16.211819578 H(d) 11                 
 &END
