&ATOM
  NAME  Fe
  PPOT
  ZVAL  26
  ZEFF  16
  LMAX  2
  OCCU
           2        2 2
         1          6
         1          6
  MIXI  0.2
  CONV  1.0D-12
  ITER  200
  IPPN  100
  XCFN  PBE
&END

&BASIS
  GAUS
  8 
      8.789132149298      6.016257306797      3.208335906733      1.541283160612      0.712985088671      0.309005256707      0.124703079161      0.045018466424 
 1 2 3 4 5 6 7 8
8 
      8.789132149298      6.016257306797      3.208335906733      1.541283160612      0.712985088671      0.309005256707      0.124703079161      0.045018466424 
 1 2 3 4 5 6 7 8
8 
      8.789132149298      6.016257306797      3.208335906733      1.541283160612      0.712985088671      0.309005256707      0.124703079161      0.045018466424 
 1 2 3 4 5 6 7 8
8 
      8.789132149298      6.016257306797      3.208335906733      1.541283160612      0.712985088671      0.309005256707      0.124703079161      0.045018466424 
 1 2 3 4 5 6 7 8

&END
 &POTENTIAL
     GOEDECKER
 3                                    LMAX
       .360000000                                 RC
   2     6.756789162     -.228832511   #C  C1 C2
       .278263028  2    .629505698   7.913132417 -10.215810020 H(s) 11 12 22           
       .251383380  2  -7.932132928   7.697078875  -9.107306545 H(p) 11 12 22           
       .222855782  1 -12.385799370 H(d) 11                 
 &END
