&ATOM
  NAME  Ti
  PPOT
  ZVAL  22
  ZEFF  12
  LMAX  2
  OCCU
           2        2 2
         1          6
         1          2
  MIXI  0.2
  CONV  1.0D-12
  ITER  200
  IPPN  100
  XCFN  PBE
&END

&BASIS
  GAUS
  9 
      7.514065398619      7.400584419296      3.779982768124      1.962426243286      0.958559701935      0.456697727575      0.210446585864      0.091114092349      0.034483350326 
 1 2 3 4 5 6 7 8 9
9 
      7.514065398619      7.400584419296      3.779982768124      1.962426243286      0.958559701935      0.456697727575      0.210446585864      0.091114092349      0.034483350326 
 1 2 3 4 5 6 7 8 9
9 
      7.514065398619      7.400584419296      3.779982768124      1.962426243286      0.958559701935      0.456697727575      0.210446585864      0.091114092349      0.034483350326 
 1 2 3 4 5 6 7 8 9
9 
      7.514065398619      7.400584419296      3.779982768124      1.962426243286      0.958559701935      0.456697727575      0.210446585864      0.091114092349      0.034483350326 
 1 2 3 4 5 6 7 8 9

&END
 &POTENTIAL
     GOEDECKER
 3                                    LMAX
      0.380000000                                 RC
   2     8.711442178    -0.700286767   #C  C1 C2
      0.337770780  2   2.575263862   3.692970655  -4.767604615 H(s) 11 12 22           
      0.242531348  2  -4.630541229   8.870875015 -10.496160867 H(p) 11 12 22           
      0.243316935  1  -9.406652678 H(d) 11                 
 &END
