&ATOM
  NAME  Mn
  PPOT
  ZVAL  25
  ZEFF  15
  LMAX  2
  OCCU
           2        2 2
         1          6
         1          5
  MIXI  0.2
  CONV  1.0D-12
  ITER  200
  IPPN  100
  XCFN  PBE
&END

&BASIS
  GAUS
  6 
      8.480514563526      4.623421423448      1.990090518762      0.779704415428      0.263000249283      0.070404547806 
 1 2 3 4 5 6
6 
      8.480514563526      4.623421423448      1.990090518762      0.779704415428      0.263000249283      0.070404547806 
 1 2 3 4 5 6
6 
      8.480514563526      4.623421423448      1.990090518762      0.779704415428      0.263000249283      0.070404547806 
 1 2 3 4 5 6
6 
      8.480514563526      4.623421423448      1.990090518762      0.779704415428      0.263000249283      0.070404547806 
 1 2 3 4 5 6

&END
 &POTENTIAL
     GOEDECKER
            3                                    LMAX
      0.365000000                                 RC
   2     6.093046488    -0.446469475   #C  C1 C2
      0.295685921  2   1.887119839   6.356836583  -8.206640741 H(s) 11 12 22           
      0.245612613  2  -6.570024524   7.983359833  -9.446038742 H(p) 11 12 22           
      0.222522793  1 -11.612050922 H(d) 11                 
 &END
