&ATOM
  NAME  Ga
  PPOT
  ZVAL  31
  ZEFF  13
  LMAX  2
  OCCU
           2        2 1
         1          0
         1         10
  MIXI  0.2
  CONV  1.0D-12
  ITER  200
  IPPN  100
  XCFN  PBE
&END

&BASIS
  GAUS
  7 
      7.198568427285      3.721636470316      1.650597754173      0.703294796653      0.288788861929      0.103465533966      0.015751360451 
 1 2 3 4 5 6 7
7 
      7.198568427285      3.721636470316      1.650597754173      0.703294796653      0.288788861929      0.103465533966      0.015751360451 
 1 2 3 4 5 6 7
7 
      7.198568427285      3.721636470316      1.650597754173      0.703294796653      0.288788861929      0.103465533966      0.015751360451 
 1 2 3 4 5 6 7
7 
      7.198568427285      3.721636470316      1.650597754173      0.703294796653      0.288788861929      0.103465533966      0.015751360451 
 1 2 3 4 5 6 7

&END
 &POTENTIAL
     GOEDECKER
            3                                    LMAX
      0.490000000                                 RC
   0   #C 
      0.413962238  3  10.592918370  -5.152802656   0.775293585   7.913254735  -2.001799429   1.588879039 H(s) 11 12 13 22 23 33  
      0.570154398  2   1.759998061   0.251224382  -0.297252698 H(p) 11 12 22           
      0.238367518  1 -16.211819578 H(d) 11                 
 &END
