&ATOM
  NAME  Mg
  PPOT
  ZVAL  12
  ZEFF  10
  LMAX  1
  OCCU
           2        2 2
         1          6
  MIXI  0.2
  CONV  1.0D-12
  ITER  200
  IPPN  100
  XCFN  PBE
&END

&BASIS
  GAUS
  9 
     37.519703433784     20.167898740871      9.756887865736      4.444204769472      2.053931418160      0.943970948822      0.408854613058      0.117394669039      0.041232071189 
 1 2 3 4 5 6 7 8 9
9 
     37.519703433784     20.167898740871      9.756887865736      4.444204769472      2.053931418160      0.943970948822      0.408854613058      0.117394669039      0.041232071189 
 1 2 3 4 5 6 7 8 9
9 
     37.519703433784     20.167898740871      9.756887865736      4.444204769472      2.053931418160      0.943970948822      0.408854613058      0.117394669039      0.041232071189 
 1 2 3 4 5 6 7 8 9

&END
 &POTENTIAL
     GOEDECKER
 2                                    LMAX
       .192757872                                 RC
   2   -20.575390770     3.040167320   #C  C1 C2
       .141406819  1  41.047292090 H(s) 11                 
       .102931868  1  -9.985625664 H(p) 11                 
 &END
