&ATOM
  NAME  Mn
  PPOT
  ZVAL  25
  ZEFF  15
  LMAX  2
  OCCU
           2        2 2
         1          6
         1          5
  MIXI  0.2
  CONV  1.0D-12
  ITER  200
  IPPN  100
  XCFN  PBE
&END

&BASIS
  GAUS
  8 
      8.663749631418      5.463596377532      2.841828398332      1.385805278024      0.646448080571      0.282084790641      0.115706100179      0.042306240302 
 1 2 3 4 5 6 7 8
8 
      8.663749631418      5.463596377532      2.841828398332      1.385805278024      0.646448080571      0.282084790641      0.115706100179      0.042306240302 
 1 2 3 4 5 6 7 8
8 
      8.663749631418      5.463596377532      2.841828398332      1.385805278024      0.646448080571      0.282084790641      0.115706100179      0.042306240302 
 1 2 3 4 5 6 7 8
8 
      8.663749631418      5.463596377532      2.841828398332      1.385805278024      0.646448080571      0.282084790641      0.115706100179      0.042306240302 
 1 2 3 4 5 6 7 8

&END
 &POTENTIAL
     GOEDECKER
            3                                    LMAX
      0.365000000                                 RC
   2     6.093046488    -0.446469475   #C  C1 C2
      0.295685921  2   1.887119839   6.356836583  -8.206640741 H(s) 11 12 22           
      0.245612613  2  -6.570024524   7.983359833  -9.446038742 H(p) 11 12 22           
      0.222522793  1 -11.612050922 H(d) 11                 
 &END
