&ATOM
  NAME  Kr
  PPOT
  ZVAL  36
  ZEFF  8
  LMAX  1
  OCCU
           1          2
         1          6
  MIXI  0.2
  CONV  1.0D-12
  ITER  200
  IPPN  100
  XCFN  PBE
&END

&BASIS
  GAUS
  8 
      7.177702216930      7.085744765286      3.335291338001      1.842173524260      0.831863265986      0.387528580441      0.171427783189      0.072430410486 
 1 2 3 4 5 6 7 8
8 
      7.177702216930      7.085744765286      3.335291338001      1.842173524260      0.831863265986      0.387528580441      0.171427783189      0.072430410486 
 1 2 3 4 5 6 7 8

&END
 &POTENTIAL
     GOEDECKER
            3                                    LMAX
      0.500000000                                 RC
   0   #C 
      0.421657173  3   6.465303578   0.538660487  -1.502601182  -3.139388703   3.879699569  -3.079416066 H(s) 11 12 13 22 23 33  
      0.433744371  2   2.601165353   0.705109782  -0.834297146 H(p) 11 12 22           
      0.524690730  1   0.635594723 H(d) 11                 
 &END
