&ATOM
  NAME  Mn
  PPOT
  ZVAL  25
  ZEFF  15
  LMAX  2
  OCCU
           2        2 2
         1          6
         1          5
  MIXI  0.2
  CONV  1.0D-12
  ITER  200
  IPPN  100
  XCFN  PBE
&END

&BASIS
  GAUS
  4 
      6.486171722714      2.292414564673      0.721548666933      0.116937267281 
 1 2 3 4
4 
      6.486171722714      2.292414564673      0.721548666933      0.116937267281 
 1 2 3 4
4 
      6.486171722714      2.292414564673      0.721548666933      0.116937267281 
 1 2 3 4
4 
      6.486171722714      2.292414564673      0.721548666933      0.116937267281 
 1 2 3 4

&END
 &POTENTIAL
     GOEDECKER
            3                                    LMAX
      0.365000000                                 RC
   2     6.093046488    -0.446469475   #C  C1 C2
      0.295685921  2   1.887119839   6.356836583  -8.206640741 H(s) 11 12 22           
      0.245612613  2  -6.570024524   7.983359833  -9.446038742 H(p) 11 12 22           
      0.222522793  1 -11.612050922 H(d) 11                 
 &END
