&ATOM
  NAME  Fe
  PPOT
  ZVAL  26
  ZEFF  16
  LMAX  2
  OCCU
           2        2 2
         1          6
         1          6
  MIXI  0.2
  CONV  1.0D-12
  ITER  200
  IPPN  100
  XCFN  PBE
&END

&BASIS
  GAUS
  7 
      8.662375375556      5.424068681974      2.630284133836      1.139787367852      0.455801191879      0.167690482408      0.055110180513 
 1 2 3 4 5 6 7
7 
      8.662375375556      5.424068681974      2.630284133836      1.139787367852      0.455801191879      0.167690482408      0.055110180513 
 1 2 3 4 5 6 7
7 
      8.662375375556      5.424068681974      2.630284133836      1.139787367852      0.455801191879      0.167690482408      0.055110180513 
 1 2 3 4 5 6 7
7 
      8.662375375556      5.424068681974      2.630284133836      1.139787367852      0.455801191879      0.167690482408      0.055110180513 
 1 2 3 4 5 6 7

&END
 &POTENTIAL
     GOEDECKER
 3                                    LMAX
       .360000000                                 RC
   2     6.756789162     -.228832511   #C  C1 C2
       .278263028  2    .629505698   7.913132417 -10.215810020 H(s) 11 12 22           
       .251383380  2  -7.932132928   7.697078875  -9.107306545 H(p) 11 12 22           
       .222855782  1 -12.385799370 H(d) 11                 
 &END
