&ATOM
  NAME  Ni
  PPOT
  ZVAL  28
  ZEFF  18
  LMAX  2
  OCCU
           2        2 2
         1          6
         1          8
  MIXI  0.2
  CONV  1.0D-12
  ITER  200
  IPPN  100
  XCFN  PBE
&END

&BASIS
  GAUS
  8 
     10.465618699986      7.091199203029      3.627818380842      1.738391521059      0.801849140536      0.345141784284      0.137898548950      0.049188106754 
 1 2 3 4 5 6 7 8
8 
     10.465618699986      7.091199203029      3.627818380842      1.738391521059      0.801849140536      0.345141784284      0.137898548950      0.049188106754 
 1 2 3 4 5 6 7 8
8 
     10.465618699986      7.091199203029      3.627818380842      1.738391521059      0.801849140536      0.345141784284      0.137898548950      0.049188106754 
 1 2 3 4 5 6 7 8
8 
     10.465618699986      7.091199203029      3.627818380842      1.738391521059      0.801849140536      0.345141784284      0.137898548950      0.049188106754 
 1 2 3 4 5 6 7 8

&END
 &POTENTIAL
     GOEDECKER
            3                                    LMAX
      0.350000000                                 RC
   2     2.102165980     0.648483867   #C  C1 C2
      0.261295297  2   0.622658472   9.970226674 -12.871507290 H(s) 11 12 22           
      0.224253463  2 -11.142708220  12.429566440 -14.706861340 H(p) 11 12 22           
      0.215348245  1 -12.628145504 H(d) 11                 
 &END
