&ATOM
  NAME  Cu
  PPOT
  ZVAL  29
  ZEFF  11
  LMAX  2
  OCCU
           1          1
         1          0
         1         10
  MIXI  0.2
  CONV  1.0D-12
  ITER  200
  IPPN  100
  XCFN  PBE
&END

&BASIS
  GAUS
  5 
      5.544961528226      2.450719143104      0.896119756850      0.289023342986      0.074074544674 
 1 2 3 4 5
5 
      5.544961528226      2.450719143104      0.896119756850      0.289023342986      0.074074544674 
 1 2 3 4 5
5 
      5.544961528226      2.450719143104      0.896119756850      0.289023342986      0.074074544674 
 1 2 3 4 5

&END
 &POTENTIAL
     GOEDECKER
            3                                    LMAX
      0.530000000                                 RC
   0   #C 
      0.431355053  3   9.693805066  -6.470165354   1.935952150  11.501773960  -4.998606957   3.967521273 H(s) 11 12 13 22 23 33  
      0.561391554  2   2.545473302  -0.784635733   0.928393520 H(p) 11 12 22           
      0.264554851  1 -12.828614060 H(d) 11                 
 &END
