&ATOM
  NAME  Br
  PPOT
  ZVAL  35
  ZEFF  7
  LMAX  1
  OCCU
           1          2
         1          5
  MIXI  0.2
  CONV  1.0D-12
  ITER  200
  IPPN  100
  XCFN  PBE
&END

&BASIS
  GAUS
  8 
      6.212994144326      6.126046297218      3.054103913532      1.635604456604      0.728146525523      0.337261141948      0.148524633696      0.062524745684 
 1 2 3 4 5 6 7 8
8 
      6.212994144326      6.126046297218      3.054103913532      1.635604456604      0.728146525523      0.337261141948      0.148524633696      0.062524745684 
 1 2 3 4 5 6 7 8

&END
 &POTENTIAL
     GOEDECKER
            3                                    LMAX
      0.500000000                                 RC
   0   #C 
      0.438038916  3   6.078556320   0.330498171  -1.238382258  -2.440900198   3.197489241  -2.537928406 H(s) 11 12 13 22 23 33  
      0.453135610  2   2.459303807   0.522753133  -0.618529849 H(p) 11 12 22           
      0.567713828  1   0.559266446 H(d) 11                 
 &END
