&ATOM
  NAME  Cu
  PPOT
  ZVAL  29
  ZEFF  11
  LMAX  2
  OCCU
           1          1
         1          0
         1         10
  MIXI  0.2
  CONV  1.0D-12
  ITER  200
  IPPN  100
  XCFN  PBE
&END

&BASIS
  GAUS
  7 
      5.934900167560      3.274487392662      1.570811117536      0.720562169218      0.306515520051      0.118703939307      0.042878842722 
 1 2 3 4 5 6 7
7 
      5.934900167560      3.274487392662      1.570811117536      0.720562169218      0.306515520051      0.118703939307      0.042878842722 
 1 2 3 4 5 6 7
7 
      5.934900167560      3.274487392662      1.570811117536      0.720562169218      0.306515520051      0.118703939307      0.042878842722 
 1 2 3 4 5 6 7

&END
 &POTENTIAL
     GOEDECKER
            3                                    LMAX
      0.530000000                                 RC
   0   #C 
      0.431355053  3   9.693805066  -6.470165354   1.935952150  11.501773960  -4.998606957   3.967521273 H(s) 11 12 13 22 23 33  
      0.561391554  2   2.545473302  -0.784635733   0.928393520 H(p) 11 12 22           
      0.264554851  1 -12.828614060 H(d) 11                 
 &END
