&ATOM
  NAME  Ge
  PPOT
  ZVAL  32
  ZEFF  4
  LMAX  1
  OCCU
           1          2
         1          2
  MIXI  0.2
  CONV  1.0D-12
  ITER  200
  IPPN  100
  XCFN  PBE
&END

&BASIS
  GAUS
  9 
      2.503851447549      2.355958398710      1.360324524446      1.209912142161      0.525335433603      0.248408274304      0.120811992395      0.057406201307      0.025879727536 
 1 2 3 4 5 6 7 8 9
9 
      2.503851447549      2.355958398710      1.360324524446      1.209912142161      0.525335433603      0.248408274304      0.120811992395      0.057406201307      0.025879727536 
 1 2 3 4 5 6 7 8 9

&END
 &POTENTIAL
     GOEDECKER
 3                                    LMAX
       .540000000                                 RC
   0   #C 
       .421865178  3   7.510241211   -.588108359  -1.447975801  -1.595888190   3.738657442  -2.967467349 H(s) 11 12 13 22 23 33  
       .567528874  2    .913859692    .546875342   -.647071631 H(p) 11 12 22           
       .813913943  1    .197177309 H(d) 11                 
 &END
