&ATOM
  NAME  Ag
  PPOT
  ZVAL  47
  ZEFF  11
  LMAX  2
  OCCU
           1          1
         1          0
         1         10
  MIXI  0.2
  CONV  1.0D-12
  ITER  200
  IPPN  100
  XCFN  PBE
&END

&BASIS
  GAUS
  5 
      2.509071132786      1.197577379698      0.498380335444      0.185935001453      0.053249948102 
 1 2 3 4 5
5 
      2.509071132786      1.197577379698      0.498380335444      0.185935001453      0.053249948102 
 1 2 3 4 5
5 
      2.509071132786      1.197577379698      0.498380335444      0.185935001453      0.053249948102 
 1 2 3 4 5

&END
 &POTENTIAL
     GOEDECKER
            3                                    LMAX
      0.570000000                                 RC
   1     0.033419122   #C  C1
      0.527044613  3   9.582045350  -5.274240431   0.997047252   8.430712594  -2.574364935   2.043338820 H(s) 11 12 13 22 23 33  
      0.629112176  2   3.874019044  -1.742115831   2.061299249 H(p) 11 12 22           
      0.405381865  2  -2.724952756  -0.433548514   0.491597807 H(d) 11 12 22           
 &END
