&ATOM
  NAME  Cu
  PPOT
  ZVAL  29
  ZEFF  11
  LMAX  2
  OCCU
           1          1
         1          0
         1         10
  MIXI  0.2
  CONV  1.0D-12
  ITER  200
  IPPN  100
  XCFN  PBE
&END

&BASIS
  GAUS
  9 
     15.932634570676      7.175485700173      4.692034212311      2.400729032798      1.154521390178      0.532230819332      0.234130297408      0.096624597845      0.037196143136 
 1 2 3 4 5 6 7 8 9
9 
     15.932634570676      7.175485700173      4.692034212311      2.400729032798      1.154521390178      0.532230819332      0.234130297408      0.096624597845      0.037196143136 
 1 2 3 4 5 6 7 8 9
9 
     15.932634570676      7.175485700173      4.692034212311      2.400729032798      1.154521390178      0.532230819332      0.234130297408      0.096624597845      0.037196143136 
 1 2 3 4 5 6 7 8 9

&END
 &POTENTIAL
     GOEDECKER
            3                                    LMAX
      0.530000000                                 RC
   0   #C 
      0.431355053  3   9.693805066  -6.470165354   1.935952150  11.501773960  -4.998606957   3.967521273 H(s) 11 12 13 22 23 33  
      0.561391554  2   2.545473302  -0.784635733   0.928393520 H(p) 11 12 22           
      0.264554851  1 -12.828614060 H(d) 11                 
 &END
