&ATOM
  NAME  Sc
  PPOT
  ZVAL  21
  ZEFF  11
  LMAX  2
  OCCU
           2        2 2
         1          6
         1          1
  MIXI  0.2
  CONV  1.0D-12
  ITER  200
  IPPN  100
  XCFN  PBE
&END

&BASIS
  GAUS
  8 
      8.114311884057      5.288794121918      2.950709521922      1.423543827967      0.628458331561      0.256067328747      0.096652294091      0.035575435934 
 1 2 3 4 5 6 7 8
8 
      8.114311884057      5.288794121918      2.950709521922      1.423543827967      0.628458331561      0.256067328747      0.096652294091      0.035575435934 
 1 2 3 4 5 6 7 8
8 
      8.114311884057      5.288794121918      2.950709521922      1.423543827967      0.628458331561      0.256067328747      0.096652294091      0.035575435934 
 1 2 3 4 5 6 7 8
8 
      8.114311884057      5.288794121918      2.950709521922      1.423543827967      0.628458331561      0.256067328747      0.096652294091      0.035575435934 
 1 2 3 4 5 6 7 8

&END
 &POTENTIAL
     GOEDECKER
            3                                    LMAX
      0.385000000                                 RC
   2     8.214900299    -0.557059101   #C  C1 C2
      0.363611078  2   2.646533388   3.021083934  -3.900202588 H(s) 11 12 22           
      0.243897776  2  -2.634822649   7.992137154  -9.456424209 H(p) 11 12 22           
      0.253205749  1  -8.165947694 H(d) 11                 
 &END
