&ATOM
  NAME  Sb
  PPOT
  ZVAL  51
  ZEFF  5
  LMAX  1
  OCCU
           1          2
         1          3
  MIXI  0.2
  CONV  1.0D-12
  ITER  200
  IPPN  100
  XCFN  PBE
&END

&BASIS
  GAUS
  8 
      5.230993790880      3.418430481330      3.331011140435      1.077221791965      0.449396610150      0.219028359909      0.096787989394      0.040285291097 
 1 2 3 4 5 6 7 8
8 
      5.230993790880      3.418430481330      3.331011140435      1.077221791965      0.449396610150      0.219028359909      0.096787989394      0.040285291097 
 1 2 3 4 5 6 7 8

&END
 &POTENTIAL
     GOEDECKER
            3                                    LMAX
      0.590000000                                 RC
   1     7.928520839   #C  C1
      0.556136357  3   1.430477899   1.261425993  -0.923233527  -3.130133398   2.383778716  -1.892065699 H(s) 11 12 13 22 23 33  
      0.622755068  2   0.561472329   0.304845218  -0.360697726 H(p) 11 12 22           
      0.889485759  1   0.270868636 H(d) 11                 
 &END
