&ATOM
  NAME  Au
  PPOT
  ZVAL  79
  ZEFF  11
  LMAX  2
  OCCU
           1          1
         1          0
         1         10
  MIXI  0.2
  CONV  1.0D-12
  ITER  200
  IPPN  100
  XCFN  PBE
&END

&BASIS
  GAUS
  8 
      3.902213827404      1.796962637319      1.216546356785      0.686255261586      0.351680580053      0.171260680220      0.079751636114      0.036041201487 
 1 2 3 4 5 6 7 8
8 
      3.902213827404      1.796962637319      1.216546356785      0.686255261586      0.351680580053      0.171260680220      0.079751636114      0.036041201487 
 1 2 3 4 5 6 7 8
8 
      3.902213827404      1.796962637319      1.216546356785      0.686255261586      0.351680580053      0.171260680220      0.079751636114      0.036041201487 
 1 2 3 4 5 6 7 8

&END
 &POTENTIAL
     GOEDECKER
            3                                    LMAX
      0.590000000                                 RC
   1    10.517178810   #C  C1
      0.543847335  2   5.786811029  -2.250679662   2.905614950 H(s) 11 12 22           
      0.609172985  2   4.284048731  -4.071285202   4.817209615 H(p) 11 12 22           
      0.437309223  2  -7.403281239   3.010193067  -3.413238109 H(d) 11 12 22           
 &END
