&ATOM
  NAME  Ge
  PPOT
  ZVAL  32
  ZEFF  4
  LMAX  1
  OCCU
           1          2
         1          2
  MIXI  0.2
  CONV  1.0D-12
  ITER  200
  IPPN  100
  XCFN  PBE
&END

&BASIS
  GAUS
  7 
      2.551410978029      2.531853600304      0.904818772584      0.504464555161      0.210154730045      0.088917061139      0.035911988566 
 1 2 3 4 5 6 7
7 
      2.551410978029      2.531853600304      0.904818772584      0.504464555161      0.210154730045      0.088917061139      0.035911988566 
 1 2 3 4 5 6 7

&END
 &POTENTIAL
     GOEDECKER
 3                                    LMAX
       .540000000                                 RC
   0   #C 
       .421865178  3   7.510241211   -.588108359  -1.447975801  -1.595888190   3.738657442  -2.967467349 H(s) 11 12 13 22 23 33  
       .567528874  2    .913859692    .546875342   -.647071631 H(p) 11 12 22           
       .813913943  1    .197177309 H(d) 11                 
 &END
