&ATOM
  NAME  Ru
  PPOT
  ZVAL  44
  ZEFF  8
  LMAX  2
  OCCU
           1          1
         1          0
         1          7
  MIXI  0.2
  CONV  1.0D-12
  ITER  200
  IPPN  100
  XCFN  PADE
&END

&BASIS
  GAUS
  5 
      4.313397943123      1.396954612693      0.549059899858      0.194895232710      0.057975433716 
 1 2 3 4 5
5 
      4.313397943123      1.396954612693      0.549059899858      0.194895232710      0.057975433716 
 1 2 3 4 5
5 
      4.313397943123      1.396954612693      0.549059899858      0.194895232710      0.057975433716 
 1 2 3 4 5

&END
 &POTENTIAL
     GOEDECKER
 3                                    LMAX
       .647214286                                 RC
   1     8.687723328   #C  C1
       .625656120  2   1.637866024   -.514849143   1.329334771 H(s) 11 12 22           
       .746424869  2    .639011566   -.274834071    .650376117 H(p) 11 12 22           
       .440358020  2  -4.883364954   1.350985127  -3.063746288 H(d) 11 12 22           
 &END
