&ATOM
  NAME  Nb
  PPOT
  ZVAL  41
  ZEFF  13
  LMAX  2
  OCCU
           2        2 1
         1          6
         1          4
  MIXI  0.2
  CONV  1.0D-12
  ITER  200
  IPPN  100
  XCFN  PADE
&END

&BASIS
  GAUS
  7 
      2.669075640310      1.890328415935      0.910067586035      0.451053137266      0.211826582123      0.089041941931      0.034639338469 
 1 2 3 4 5 6 7
7 
      2.669075640310      1.890328415935      0.910067586035      0.451053137266      0.211826582123      0.089041941931      0.034639338469 
 1 2 3 4 5 6 7
7 
      2.669075640310      1.890328415935      0.910067586035      0.451053137266      0.211826582123      0.089041941931      0.034639338469 
 1 2 3 4 5 6 7
7 
      2.669075640310      1.890328415935      0.910067586035      0.451053137266      0.211826582123      0.089041941931      0.034639338469 
 1 2 3 4 5 6 7

&END
 &POTENTIAL
     GOEDECKER
            3                                    LMAX
      0.460000000                                 RC
   2    13.505393600     0.752433721   #C  C1 C2
      0.393708019  2   3.222024568   1.781317384  -4.599341708 H(s) 11 12 22           
      0.403625567  2  -0.822036767   0.949685363  -2.247365750 H(p) 11 12 22           
      0.513644045  2  -1.489847708  -0.363269298   0.823817333 H(d) 11 12 22           
 &END
