&ATOM
  NAME  Rh
  PPOT
  ZVAL  45
  ZEFF  9
  LMAX  2
  OCCU
           1          1
         1          0
         1          8
  MIXI  0.2
  CONV  1.0D-12
  ITER  200
  IPPN  100
  XCFN  PADE
&END

&BASIS
  GAUS
  5 
      4.254440807069      1.708415686682      0.643602733102      0.223568038052      0.064315468816 
 1 2 3 4 5
5 
      4.254440807069      1.708415686682      0.643602733102      0.223568038052      0.064315468816 
 1 2 3 4 5
5 
      4.254440807069      1.708415686682      0.643602733102      0.223568038052      0.064315468816 
 1 2 3 4 5

&END
 &POTENTIAL
     GOEDECKER
 3                                    LMAX
       .621428571                                 RC
   1     5.397962331   #C  C1
       .598078815  2   2.242111315   -.833309815   2.151596690 H(s) 11 12 22           
       .709585668  2   1.155278295   -.297851947    .704846352 H(p) 11 12 22           
       .369206868  2  -1.053058191   4.817013444 -10.923959686 H(d) 11 12 22           
 &END
