&ATOM
  NAME  Os
  PPOT
  ZVAL  76
  ZEFF  8
  LMAX  2
  OCCU
           1          2
         1          0
         1          6
  MIXI  0.2
  CONV  1.0D-12
  ITER  200
  IPPN  100
  XCFN  PADE
&END

&BASIS
  GAUS
  5 
      1.393758940709      1.385254191149      0.510588923998      0.193673249436      0.065542250797 
 1 2 3 4 5
5 
      1.393758940709      1.385254191149      0.510588923998      0.193673249436      0.065542250797 
 1 2 3 4 5
5 
      1.393758940709      1.385254191149      0.510588923998      0.193673249436      0.065542250797 
 1 2 3 4 5

&END
 &POTENTIAL
     GOEDECKER
 3                                    LMAX
       .667000000                                 RC
   1     9.440459359   #C  C1
       .510307084  2   2.402366877  -1.179984072   3.046705772 H(s) 11 12 22           
       .717553291  2    .499523206   -.445093842   1.053284271 H(p) 11 12 22           
       .487586048  2  -4.142034714    .734681100  -1.666100128 H(d) 11 12 22           
 &END
