&ATOM
  NAME  Pr
  PPOT
  ZVAL  59
  ZEFF  13
  LMAX  3
  OCCU
           2        2 2
         1          6
         1          0
         1          3
  MIXI  0.2
  CONV  1.0D-12
  ITER  200
  IPPN  100
  XCFN  PADE
&END

&BASIS
  GAUS
  6 
      2.199907101818      2.187068099494      0.735240793146      0.319824089431      0.101463762428      0.026221051358 
 1 2 3 4 5 6
6 
      2.199907101818      2.187068099494      0.735240793146      0.319824089431      0.101463762428      0.026221051358 
 1 2 3 4 5 6
6 
      2.199907101818      2.187068099494      0.735240793146      0.319824089431      0.101463762428      0.026221051358 
 1 2 3 4 5 6
6 
      2.199907101818      2.187068099494      0.735240793146      0.319824089431      0.101463762428      0.026221051358 
 1 2 3 4 5 6
6 
      2.199907101818      2.187068099494      0.735240793146      0.319824089431      0.101463762428      0.026221051358 
 1 2 3 4 5 6

&END
 &POTENTIAL
     GOEDECKER
 4                                    LMAX
       .532083332                                 RC
   2    18.424739090     -.657668928   #C  C1 C2
       .526849958  2   1.012621063    .665371433  -1.717981653 H(s) 11 12 22           
       .458897356  2   1.117060039    .782658782  -1.852108720 H(p) 11 12 22           
       .747609886  1    .017571095 H(d) 11                 
       .300772956  1 -17.897118910 H(f) 11                 
 &END
