&ATOM
  NAME  Xe
  PPOT
  ZVAL  54
  ZEFF  8
  LMAX  1
  OCCU
           1          2
         1          6
  MIXI  0.2
  CONV  1.0D-12
  ITER  200
  IPPN  100
  XCFN  PADE
&END

&BASIS
  GAUS
  8 
      2.898547001657      2.838644243608      1.563767214265      0.885173588741      0.455133215216      0.227581738732      0.111296970665      0.051203598147 
 1 2 3 4 5 6 7 8
8 
      2.898547001657      2.838644243608      1.563767214265      0.885173588741      0.455133215216      0.227581738732      0.111296970665      0.051203598147 
 1 2 3 4 5 6 7 8

&END
 &POTENTIAL
     GOEDECKER
 3                                    LMAX
       .560000000                                 RC
   1    12.734279720   #C  C1
       .507371176  3   2.236450691    .156294526   -.276303305   -.403550729    .713412066  -1.132506546 H(s) 11 12 13 22 23 33  
       .541023707  2   1.130042989    .318100905   -.752764134 H(p) 11 12 22           
       .729821112  1    .280130782 H(d) 11                 
 &END
