&ATOM
  NAME  W
  PPOT
  ZVAL  74
  ZEFF  14
  LMAX  2
  OCCU
           2        2 2
         1          6
         1          4
  MIXI  0.2
  CONV  1.0D-12
  ITER  200
  IPPN  100
  XCFN  PADE
&END

&BASIS
  GAUS
  3 
      4.046312840865      0.811482010654      0.146399727303 
 1 2 3
3 
      4.046312840865      0.811482010654      0.146399727303 
 1 2 3
3 
      4.046312840865      0.811482010654      0.146399727303 
 1 2 3
3 
      4.046312840865      0.811482010654      0.146399727303 
 1 2 3

&END
 &POTENTIAL
     GOEDECKER
 3                                    LMAX
       .540000000                                 RC
   2     4.800250941      .901544343   #C  C1 C2
       .418569632  3   2.692204325   2.332557473    .297238547  -6.022637499   -.767466627   1.218315501 H(s) 11 12 13 22 23 33  
       .449554918  2   -.702084259   1.036024073  -2.451680427 H(p) 11 12 22           
       .399601666  2   1.177436385   2.448916701  -5.553621061 H(d) 11 12 22           
 &END
