&ATOM
  NAME  Co
  PPOT
  ZVAL  27
  ZEFF  17
  LMAX  2
  OCCU
           2        2 2
         1          6
         1          7
  MIXI  0.2
  CONV  1.0D-12
  ITER  200
  IPPN  100
  XCFN  PADE
&END

&BASIS
  GAUS
  4 
      7.100475598104      2.537792840946      0.773470708602      0.132214039503 
 1 2 3 4
4 
      7.100475598104      2.537792840946      0.773470708602      0.132214039503 
 1 2 3 4
4 
      7.100475598104      2.537792840946      0.773470708602      0.132214039503 
 1 2 3 4
4 
      7.100475598104      2.537792840946      0.773470708602      0.132214039503 
 1 2 3 4

&END
 &POTENTIAL
     GOEDECKER
 3                                    LMAX
       .355000000                                 RC
   2     3.418390935      .482078195   #C  C1 C2
       .259140466  2  11.195225890   3.038674823  -7.845824657 H(s) 11 12 22           
       .251424507  2   -.551463752   1.960435575  -4.639237310 H(p) 11 12 22           
       .221664540  1 -12.075353662 H(d) 11                 
 &END
