&ATOM
  NAME  Ga
  PPOT
  ZVAL  31
  ZEFF  3
  LMAX  1
  OCCU
           1          2
         1          1
  MIXI  0.2
  CONV  1.0D-12
  ITER  200
  IPPN  100
  XCFN  PADE
&END

&BASIS
  GAUS
  7 
      1.833642827516      1.056261637408      0.423989040771      0.208170398434      0.098550269799      0.045689491418      0.019938667798 
 1 2 3 4 5 6 7
7 
      1.833642827516      1.056261637408      0.423989040771      0.208170398434      0.098550269799      0.045689491418      0.019938667798 
 1 2 3 4 5 6 7

&END
 &POTENTIAL
     GOEDECKER
 3                                    LMAX
       .560000000                                 RC
   0   #C 
       .610790742  3   2.369325161    .096443140   -.134624497   -.249015115    .347598956   -.551796236 H(s) 11 12 13 22 23 33  
       .704595833  2    .746305295    .216837992   -.513132343 H(p) 11 12 22           
       .982579669  1    .075436559 H(d) 11                 
 &END
