&ATOM
  NAME  Tl
  PPOT
  ZVAL  81
  ZEFF  3
  LMAX  1
  OCCU
           1          2
         1          1
  MIXI  0.2
  CONV  1.0D-12
  ITER  200
  IPPN  100
  XCFN  PADE
&END

&BASIS
  GAUS
  8 
      1.625047406787      1.092121111725      0.665949570550      0.630664357541      0.224036824791      0.104478908017      0.047868845741      0.020388516060 
 1 2 3 4 5 6 7 8
8 
      1.625047406787      1.092121111725      0.665949570550      0.630664357541      0.224036824791      0.104478908017      0.047868845741      0.020388516060 
 1 2 3 4 5 6 7 8

&END
 &POTENTIAL
     GOEDECKER
 3                                    LMAX
       .630000000                                 RC
   1    -1.235845520   #C  C1
       .754005474  3   1.875765714    .117614617   -.190626681   -.303679636    .492195974   -.781336886 H(s) 11 12 13 22 23 33  
       .903741698  2    .759668302    .247934666   -.586720506 H(p) 11 12 22           
      1.063512116  1    .247613962 H(d) 11                 
 &END
