&ATOM
  NAME  Cr
  PPOT
  ZVAL  24
  ZEFF  6
  LMAX  2
  OCCU
           1          1
         1          0
         1          5
  MIXI  0.2
  CONV  1.0D-12
  ITER  200
  IPPN  100
  XCFN  PADE
&END

&BASIS
  GAUS
  8 
      3.588669184789      2.881504508981      1.687219862194      0.828599463810      0.383413646039      0.169647102841      0.072850405323      0.029870451643 
 1 2 3 4 5 6 7 8
8 
      3.588669184789      2.881504508981      1.687219862194      0.828599463810      0.383413646039      0.169647102841      0.072850405323      0.029870451643 
 1 2 3 4 5 6 7 8
8 
      3.588669184789      2.881504508981      1.687219862194      0.828599463810      0.383413646039      0.169647102841      0.072850405323      0.029870451643 
 1 2 3 4 5 6 7 8

&END
 &POTENTIAL
     GOEDECKER
 3                                    LMAX
       .660000000                                 RC
   0   #C 
       .498577673  3   2.400755560   -.802612506    .720258009   2.072336580  -1.859698182   2.952179342 H(s) 11 12 13 22 23 33  
       .719768242  2   1.145556584   -.117576187    .278236042 H(p) 11 12 22           
       .354340600  1  -6.615878321 H(d) 11                 
 &END
