&ATOM
  NAME  Kr
  PPOT
  ZVAL  36
  ZEFF  8
  LMAX  1
  OCCU
           1          2
         1          6
  MIXI  0.2
  CONV  1.0D-12
  ITER  200
  IPPN  100
  XCFN  PADE
&END

&BASIS
  GAUS
  7 
      3.528672951829      2.331632684083      1.228943552057      0.632828344757      0.305947121239      0.143963690528      0.063788495538 
 1 2 3 4 5 6 7
7 
      3.528672951829      2.331632684083      1.228943552057      0.632828344757      0.305947121239      0.143963690528      0.063788495538 
 1 2 3 4 5 6 7

&END
 &POTENTIAL
     GOEDECKER
 3                                    LMAX
       .500000000                                 RC
   0   #C 
       .410758931  3   5.911194295   -.761960038   -.355732336   1.967372358    .918496943  -1.458068694 H(s) 11 12 13 22 23 33  
       .430256411  2   3.524356923    .292084308   -.691197627 H(p) 11 12 22           
       .517120051  1    .629228498 H(d) 11                 
 &END
