&ATOM
  NAME  W
  PPOT
  ZVAL  74
  ZEFF  6
  LMAX  2
  OCCU
           1          2
         1          0
         1          4
  MIXI  0.2
  CONV  1.0D-12
  ITER  200
  IPPN  100
  XCFN  PADE
&END

&BASIS
  GAUS
  6 
      1.369546483010      1.357560252779      0.590102296207      0.259848474844      0.108938004604      0.044187302944 
 1 2 3 4 5 6
6 
      1.369546483010      1.357560252779      0.590102296207      0.259848474844      0.108938004604      0.044187302944 
 1 2 3 4 5 6
6 
      1.369546483010      1.357560252779      0.590102296207      0.259848474844      0.108938004604      0.044187302944 
 1 2 3 4 5 6

&END
 &POTENTIAL
     GOEDECKER
 3                                    LMAX
       .719000000                                 RC
   1     4.058449910   #C  C1
       .582462894  2   2.161165564  -1.061778350   2.741499911 H(s) 11 12 22           
       .742307411  2    .600973386   -.549326109   1.299942836 H(p) 11 12 22           
       .534958867  2  -2.517063471    .347976536   -.789136608 H(d) 11 12 22           
 &END
