&ATOM
  NAME  Sr
  PPOT
  ZVAL  38
  ZEFF  10
  LMAX  1
  OCCU
           2        2 2
         1          6
  MIXI  0.2
  CONV  1.0D-12
  ITER  200
  IPPN  100
  XCFN  PADE
&END

&BASIS
  GAUS
  6 
      6.849358379868      2.664887612936      1.124130166607      0.490210047407      0.198952846853      0.043040823647 
 1 2 3 4 5 6
6 
      6.849358379868      2.664887612936      1.124130166607      0.490210047407      0.198952846853      0.043040823647 
 1 2 3 4 5 6
6 
      6.849358379868      2.664887612936      1.124130166607      0.490210047407      0.198952846853      0.043040823647 
 1 2 3 4 5 6

&END
 &POTENTIAL
     GOEDECKER
 3                                    LMAX
       .480000000                                 RC
   2     5.571455089    -1.079963043   #C  C1 C2
       .275440562  2   9.995135310  -3.616080195   9.336678915 H(s) 11 12 22           
       .302243130  2   3.169125721  -1.711112589   4.049231436 H(p) 11 12 22           
       .502045443  1    .438728209 H(d) 11                 
 &END
