&ATOM
  NAME  Fe
  PPOT
  ZVAL  26
  ZEFF  16
  LMAX  2
  OCCU
           2        2 2
         1          6
         1          6
  MIXI  0.2
  CONV  1.0D-12
  ITER  200
  IPPN  100
  XCFN  PADE
&END

&BASIS
  GAUS
  7 
      8.717252536332      5.403654665044      2.626178707217      1.145441269632      0.465929192112      0.172839635436      0.057647141670 
 1 2 3 4 5 6 7
7 
      8.717252536332      5.403654665044      2.626178707217      1.145441269632      0.465929192112      0.172839635436      0.057647141670 
 1 2 3 4 5 6 7
7 
      8.717252536332      5.403654665044      2.626178707217      1.145441269632      0.465929192112      0.172839635436      0.057647141670 
 1 2 3 4 5 6 7
7 
      8.717252536332      5.403654665044      2.626178707217      1.145441269632      0.465929192112      0.172839635436      0.057647141670 
 1 2 3 4 5 6 7

&END
 &POTENTIAL
     GOEDECKER
 3                                    LMAX
       .360000000                                 RC
   2     5.392506667     -.030066378   #C  C1 C2
       .269268097  2  10.193722760   2.647177168  -6.834982057 H(s) 11 12 22           
       .247685635  2    .145612610   2.212171946  -5.234954290 H(p) 11 12 22           
       .223021046  1 -12.026940996 H(d) 11                 
 &END
