&ATOM
  NAME  Sc
  PPOT
  ZVAL  21
  ZEFF  11
  LMAX  2
  OCCU
           2        2 2
         1          6
         1          1
  MIXI  0.2
  CONV  1.0D-12
  ITER  200
  IPPN  100
  XCFN  PADE
&END

&BASIS
  GAUS
  8 
      8.586594066260      5.753717337600      3.193125911732      1.461230734897      0.646749049366      0.270237442977      0.100042995480      0.037716859535 
 1 2 3 4 5 6 7 8
8 
      8.586594066260      5.753717337600      3.193125911732      1.461230734897      0.646749049366      0.270237442977      0.100042995480      0.037716859535 
 1 2 3 4 5 6 7 8
8 
      8.586594066260      5.753717337600      3.193125911732      1.461230734897      0.646749049366      0.270237442977      0.100042995480      0.037716859535 
 1 2 3 4 5 6 7 8
8 
      8.586594066260      5.753717337600      3.193125911732      1.461230734897      0.646749049366      0.270237442977      0.100042995480      0.037716859535 
 1 2 3 4 5 6 7 8

&END
 &POTENTIAL
     GOEDECKER
 3                                    LMAX
       .385000000                                 RC
   2     7.425036380     -.489851553   #C  C1 C2
       .359706529  2   6.119584548    .992821051  -2.563452930 H(s) 11 12 22           
       .243234155  2   6.376618381   2.542399236  -6.016414687 H(p) 11 12 22           
       .252944631  1  -8.020891767 H(d) 11                 
 &END
