&ATOM
  NAME  Ir
  PPOT
  ZVAL  77
  ZEFF  9
  LMAX  2
  OCCU
           1          2
         1          0
         1          7
  MIXI  0.2
  CONV  1.0D-12
  ITER  200
  IPPN  100
  XCFN  PADE
&END

&BASIS
  GAUS
  8 
      4.557620266969      1.897810996007      1.846756830983      0.888023219161      0.441811985962      0.210388035925      0.096505005549      0.041711748729 
 1 2 3 4 5 6 7 8
8 
      4.557620266969      1.897810996007      1.846756830983      0.888023219161      0.441811985962      0.210388035925      0.096505005549      0.041711748729 
 1 2 3 4 5 6 7 8
8 
      4.557620266969      1.897810996007      1.846756830983      0.888023219161      0.441811985962      0.210388035925      0.096505005549      0.041711748729 
 1 2 3 4 5 6 7 8

&END
 &POTENTIAL
     GOEDECKER
 3                                    LMAX
       .641000000                                 RC
   1    10.720015910   #C  C1
       .509960442  2   2.445998869  -1.088710088   2.811037360 H(s) 11 12 22           
       .684970516  2    .461791824   -.551347211   1.304725635 H(p) 11 12 22           
       .471745275  2  -4.545484109    .721156169  -1.635428467 H(d) 11 12 22           
 &END
