&ATOM
  NAME  Gd
  PPOT
  ZVAL  64
  ZEFF  18
  LMAX  3
  OCCU
           2        2 2
         1          6
         1          0
         1          8
  MIXI  0.2
  CONV  1.0D-12
  ITER  200
  IPPN  100
  XCFN  PADE
&END

&BASIS
  GAUS
  8 
      2.865192287347      2.831495661832      1.291383432641      0.682018128822      0.332201687224      0.150171298119      0.060736984491      0.021240740792 
 1 2 3 4 5 6 7 8
8 
      2.865192287347      2.831495661832      1.291383432641      0.682018128822      0.332201687224      0.150171298119      0.060736984491      0.021240740792 
 1 2 3 4 5 6 7 8
8 
      2.865192287347      2.831495661832      1.291383432641      0.682018128822      0.332201687224      0.150171298119      0.060736984491      0.021240740792 
 1 2 3 4 5 6 7 8
8 
      2.865192287347      2.831495661832      1.291383432641      0.682018128822      0.332201687224      0.150171298119      0.060736984491      0.021240740792 
 1 2 3 4 5 6 7 8
8 
      2.865192287347      2.831495661832      1.291383432641      0.682018128822      0.332201687224      0.150171298119      0.060736984491      0.021240740792 
 1 2 3 4 5 6 7 8

&END
 &POTENTIAL
     GOEDECKER
 4                                    LMAX
       .517500043                                 RC
   2    17.512556400     -.719534197   #C  C1 C2
       .462013719  2   1.551855908   1.188503392  -3.068702564 H(s) 11 12 22           
       .456953270  2   -.058347130    .717413817  -1.697710952 H(p) 11 12 22           
       .482368128  1   -.562600773 H(d) 11                 
       .273389804  1 -21.923490110 H(f) 11                 
 &END
