&ATOM
  NAME  Co
  PPOT
  ZVAL  27
  ZEFF  17
  LMAX  2
  OCCU
           2        2 2
         1          6
         1          7
  MIXI  0.2
  CONV  1.0D-12
  ITER  200
  IPPN  100
  XCFN  PADE
&END

&BASIS
  GAUS
  8 
      9.343445882612      6.641196242406      3.586112613419      1.699441674480      0.777976000243      0.333267171211      0.130770459961      0.048944655783 
 1 2 3 4 5 6 7 8
8 
      9.343445882612      6.641196242406      3.586112613419      1.699441674480      0.777976000243      0.333267171211      0.130770459961      0.048944655783 
 1 2 3 4 5 6 7 8
8 
      9.343445882612      6.641196242406      3.586112613419      1.699441674480      0.777976000243      0.333267171211      0.130770459961      0.048944655783 
 1 2 3 4 5 6 7 8
8 
      9.343445882612      6.641196242406      3.586112613419      1.699441674480      0.777976000243      0.333267171211      0.130770459961      0.048944655783 
 1 2 3 4 5 6 7 8

&END
 &POTENTIAL
     GOEDECKER
 3                                    LMAX
       .355000000                                 RC
   2     3.418390935      .482078195   #C  C1 C2
       .259140466  2  11.195225890   3.038674823  -7.845824657 H(s) 11 12 22           
       .251424507  2   -.551463752   1.960435575  -4.639237310 H(p) 11 12 22           
       .221664540  1 -12.075353662 H(d) 11                 
 &END
