&ATOM
  NAME  Mn
  PPOT
  ZVAL  25
  ZEFF  7
  LMAX  2
  OCCU
           1          2
         1          0
         1          5
  MIXI  0.2
  CONV  1.0D-12
  ITER  200
  IPPN  100
  XCFN  PADE
&END

&BASIS
  GAUS
  8 
      4.114279245425      3.060460463119      1.848011744431      0.924999292425      0.433507350326      0.194326867204      0.084331712745      0.035312927012 
 1 2 3 4 5 6 7 8
8 
      4.114279245425      3.060460463119      1.848011744431      0.924999292425      0.433507350326      0.194326867204      0.084331712745      0.035312927012 
 1 2 3 4 5 6 7 8
8 
      4.114279245425      3.060460463119      1.848011744431      0.924999292425      0.433507350326      0.194326867204      0.084331712745      0.035312927012 
 1 2 3 4 5 6 7 8

&END
 &POTENTIAL
     GOEDECKER
 3                                    LMAX
       .640000000                                 RC
   0   #C 
       .481246082  3   2.799030567   -.962862806    .625949581   2.486101074  -1.616194869   2.565629816 H(s) 11 12 13 22 23 33  
       .669304320  2   1.368775642   -.133856954    .316763369 H(p) 11 12 22           
       .327763141  1  -7.995417845 H(d) 11                 
 &END
