&ATOM
  NAME  Zr
  PPOT
  ZVAL  40
  ZEFF  12
  LMAX  2
  OCCU
           2        2 2
         1          6
         1          2
  MIXI  0.2
  CONV  1.0D-12
  ITER  200
  IPPN  100
  XCFN  PADE
&END

&BASIS
  GAUS
  8 
      7.318633816917      3.075743041056      1.680028189158      0.818218084097      0.390773969938      0.174798738514      0.075712644743      0.031795179282 
 1 2 3 4 5 6 7 8
8 
      7.318633816917      3.075743041056      1.680028189158      0.818218084097      0.390773969938      0.174798738514      0.075712644743      0.031795179282 
 1 2 3 4 5 6 7 8
8 
      7.318633816917      3.075743041056      1.680028189158      0.818218084097      0.390773969938      0.174798738514      0.075712644743      0.031795179282 
 1 2 3 4 5 6 7 8
8 
      7.318633816917      3.075743041056      1.680028189158      0.818218084097      0.390773969938      0.174798738514      0.075712644743      0.031795179282 
 1 2 3 4 5 6 7 8

&END
 &POTENTIAL
     GOEDECKER
 3                                    LMAX
       .470000000                                 RC
   2     6.342618373    -1.732171002   #C  C1 C2
       .262509598  2  11.101774560  -3.714117205   9.589809388 H(s) 11 12 22           
       .288813760  2   3.446819550  -1.787087311   4.229020445 H(p) 11 12 22           
       .588252391  2    .334636950    .086216172   -.195519901 H(d) 11 12 22           
 &END
