&ATOM
  NAME  Au
  PPOT
  ZVAL  79
  ZEFF  11
  LMAX  2
  OCCU
           1          1
         1          0
         1         10
  MIXI  0.2
  CONV  1.0D-12
  ITER  200
  IPPN  100
  XCFN  PADE
&END

&BASIS
  GAUS
  9 
      2.875507720046      1.935328552307      1.262596343999      0.754681110858      0.425171413181      0.231024395380      0.122153523693      0.062428775130      0.029698915287 
 1 2 3 4 5 6 7 8 9
9 
      2.875507720046      1.935328552307      1.262596343999      0.754681110858      0.425171413181      0.231024395380      0.122153523693      0.062428775130      0.029698915287 
 1 2 3 4 5 6 7 8 9
9 
      2.875507720046      1.935328552307      1.262596343999      0.754681110858      0.425171413181      0.231024395380      0.122153523693      0.062428775130      0.029698915287 
 1 2 3 4 5 6 7 8 9

&END
 &POTENTIAL
     GOEDECKER
 3                                    LMAX
       .590000000                                 RC
   1    11.604427900   #C  C1
       .521179753  2   2.538613586  -1.046136643   2.701113196 H(s) 11 12 22           
       .630613064  2    .394852696   -.869592128   2.057830563 H(p) 11 12 22           
       .440706431  2  -4.719069664    .727770812  -1.650429070 H(d) 11 12 22           
 &END
