&ATOM
  NAME  Ru
  PPOT
  ZVAL  44
  ZEFF  16
  LMAX  2
  OCCU
           2        2 1
         1          6
         1          7
  MIXI  0.2
  CONV  1.0D-12
  ITER  200
  IPPN  100
  XCFN  PADE
&END

&BASIS
  GAUS
  5 
      3.393605452568      1.722141221797      0.698294553220      0.242549195389      0.067628408690 
 1 2 3 4 5
5 
      3.393605452568      1.722141221797      0.698294553220      0.242549195389      0.067628408690 
 1 2 3 4 5
5 
      3.393605452568      1.722141221797      0.698294553220      0.242549195389      0.067628408690 
 1 2 3 4 5
5 
      3.393605452568      1.722141221797      0.698294553220      0.242549195389      0.067628408690 
 1 2 3 4 5

&END
 &POTENTIAL
     GOEDECKER
 3                                    LMAX
       .430000000                                 RC
   2    13.582571300      .596226750   #C  C1 C2
       .364083741  2   4.480632201   2.040550593  -5.268678975 H(s) 11 12 22           
       .364053167  2   -.320372142   1.292964952  -3.059713525 H(p) 11 12 22           
       .495850357  2  -1.597870169   -.513935009   1.165495049 H(d) 11 12 22           
 &END
