&ATOM
  NAME  Ag
  PPOT
  ZVAL  47
  ZEFF  11
  LMAX  2
  OCCU
           1          1
         1          0
         1         10
  MIXI  0.2
  CONV  1.0D-12
  ITER  200
  IPPN  100
  XCFN  PADE
&END

&BASIS
  GAUS
  8 
      4.910633206739      2.775252506954      1.722491002718      0.898419557904      0.437806603799      0.201801270242      0.088323999501      0.035485484206 
 1 2 3 4 5 6 7 8
8 
      4.910633206739      2.775252506954      1.722491002718      0.898419557904      0.437806603799      0.201801270242      0.088323999501      0.035485484206 
 1 2 3 4 5 6 7 8
8 
      4.910633206739      2.775252506954      1.722491002718      0.898419557904      0.437806603799      0.201801270242      0.088323999501      0.035485484206 
 1 2 3 4 5 6 7 8

&END
 &POTENTIAL
     GOEDECKER
 3                                    LMAX
       .570000000                                 RC
   1     1.017053238   #C  C1
       .498900386  3   2.990284011  -1.515264255    .538171618   3.912395484  -1.389553142   2.205847229 H(s) 11 12 13 22 23 33  
       .630008528  2   1.813967862   -.551230720   1.304449967 H(p) 11 12 22           
       .387659547  2  -3.420075732    .449755023  -1.019948522 H(d) 11 12 22           
 &END
