&ATOM
  NAME  Tm
  PPOT
  ZVAL  69
  ZEFF  23
  LMAX  3
  OCCU
           2        2 2
         1          6
         1          0
         1         13
  MIXI  0.2
  CONV  1.0D-12
  ITER  200
  IPPN  100
  XCFN  PADE
&END

&BASIS
  GAUS
  8 
      3.590205607088      3.545098042412      1.645388197460      0.892948911558      0.441305270607      0.201250214143      0.082183485016      0.028453329497 
 1 2 3 4 5 6 7 8
8 
      3.590205607088      3.545098042412      1.645388197460      0.892948911558      0.441305270607      0.201250214143      0.082183485016      0.028453329497 
 1 2 3 4 5 6 7 8
8 
      3.590205607088      3.545098042412      1.645388197460      0.892948911558      0.441305270607      0.201250214143      0.082183485016      0.028453329497 
 1 2 3 4 5 6 7 8
8 
      3.590205607088      3.545098042412      1.645388197460      0.892948911558      0.441305270607      0.201250214143      0.082183485016      0.028453329497 
 1 2 3 4 5 6 7 8
8 
      3.590205607088      3.545098042412      1.645388197460      0.892948911558      0.441305270607      0.201250214143      0.082183485016      0.028453329497 
 1 2 3 4 5 6 7 8

&END
 &POTENTIAL
     GOEDECKER
 4                                    LMAX
       .502916694                                 RC
   2    17.247292540    -1.627697077   #C  C1 C2
       .413372860  2   1.947195829   1.596271945  -4.121556440 H(s) 11 12 22           
       .409923013  2   -.094492812    .939848370  -2.224087177 H(p) 11 12 22           
       .392870090  1  -1.353307696 H(d) 11                 
       .243916963  1 -28.104158751 H(f) 11                 
 &END
