&ATOM
  NAME  Ce
  PPOT
  ZVAL  58
  ZEFF  12
  LMAX  3
  OCCU
           2        2 2
         1          6
         1          0
         1          2
  MIXI  0.2
  CONV  1.0D-12
  ITER  200
  IPPN  100
  XCFN  PADE
&END

&BASIS
  GAUS
  6 
      2.145344000788      2.133493205883      0.689911901201      0.299028470772      0.083551296986      0.019250308865 
 1 2 3 4 5 6
6 
      2.145344000788      2.133493205883      0.689911901201      0.299028470772      0.083551296986      0.019250308865 
 1 2 3 4 5 6
6 
      2.145344000788      2.133493205883      0.689911901201      0.299028470772      0.083551296986      0.019250308865 
 1 2 3 4 5 6
6 
      2.145344000788      2.133493205883      0.689911901201      0.299028470772      0.083551296986      0.019250308865 
 1 2 3 4 5 6
6 
      2.145344000788      2.133493205883      0.689911901201      0.299028470772      0.083551296986      0.019250308865 
 1 2 3 4 5 6

&END
 &POTENTIAL
     GOEDECKER
 4                                    LMAX
       .535000000                                 RC
   2    18.847469840     -.765636074   #C  C1 C2
       .521790484  2   1.321616426    .658579106  -1.700443941 H(s) 11 12 22           
       .470324397  2    .972640775    .613301613  -1.451336510 H(p) 11 12 22           
       .703592681  1    .074240792 H(d) 11                 
       .306716684  1 -17.214789971 H(f) 11                 
 &END
