&ATOM
  NAME  W
  PPOT
  ZVAL  74
  ZEFF  6
  LMAX  2
  OCCU
           1          2
         1          0
         1          4
  MIXI  0.2
  CONV  1.0D-12
  ITER  200
  IPPN  100
  XCFN  PADE
&END

&BASIS
  GAUS
  5 
      1.257838001824      0.843454985066      0.365833417584      0.142694354828      0.052990915628 
 1 2 3 4 5
5 
      1.257838001824      0.843454985066      0.365833417584      0.142694354828      0.052990915628 
 1 2 3 4 5
5 
      1.257838001824      0.843454985066      0.365833417584      0.142694354828      0.052990915628 
 1 2 3 4 5

&END
 &POTENTIAL
     GOEDECKER
 3                                    LMAX
       .719000000                                 RC
   1     4.058449910   #C  C1
       .582462894  2   2.161165564  -1.061778350   2.741499911 H(s) 11 12 22           
       .742307411  2    .600973386   -.549326109   1.299942836 H(p) 11 12 22           
       .534958867  2  -2.517063471    .347976536   -.789136608 H(d) 11 12 22           
 &END
