&ATOM
  NAME  Ba
  PPOT
  ZVAL  56
  ZEFF  10
  LMAX  1
  OCCU
           2        2 2
         1          6
  MIXI  0.2
  CONV  1.0D-12
  ITER  200
  IPPN  100
  XCFN  PADE
&END

&BASIS
  GAUS
  8 
      3.103967068297      3.045391748002      1.898486441656      0.739933203155      0.382761927085      0.171569608680      0.055057352881      0.023698601022 
 1 2 3 4 5 6 7 8
8 
      3.103967068297      3.045391748002      1.898486441656      0.739933203155      0.382761927085      0.171569608680      0.055057352881      0.023698601022 
 1 2 3 4 5 6 7 8
8 
      3.103967068297      3.045391748002      1.898486441656      0.739933203155      0.382761927085      0.171569608680      0.055057352881      0.023698601022 
 1 2 3 4 5 6 7 8

&END
 &POTENTIAL
     GOEDECKER
 4                                    LMAX
       .540000000                                 RC
   2    24.478653250    -2.500849938   #C  C1 C2
       .514776128  2   1.046729025    .378474543   -.977217069 H(s) 11 12 22           
       .375190114  2   -.202439120   -.287492172    .680330652 H(p) 11 12 22           
       .665403194  1    .378418503 H(d) 11                 
       .304920427  1 -18.795207767 H(f) 11                 
 &END
