&ATOM
  NAME  Se
  PPOT
  ZVAL  34
  ZEFF  6
  LMAX  1
  OCCU
           1          2
         1          4
  MIXI  0.2
  CONV  1.0D-12
  ITER  200
  IPPN  100
  XCFN  PADE
&END

&BASIS
  GAUS
  9 
      3.192878787869      2.114539359565      1.245108648065      0.754896037943      0.417190152303      0.226972814763      0.122301515955      0.064528849193      0.032029346747 
 1 2 3 4 5 6 7 8 9
9 
      3.192878787869      2.114539359565      1.245108648065      0.754896037943      0.417190152303      0.226972814763      0.122301515955      0.064528849193      0.032029346747 
 1 2 3 4 5 6 7 8 9

&END
 &POTENTIAL
     GOEDECKER
 3                                    LMAX
       .510000000                                 RC
   0   #C 
       .432531077  3   5.145130841   -.794739667   -.334051369   2.052008997    .862516926  -1.369203173 H(s) 11 12 13 22 23 33  
       .472472524  2   2.858806070    .249603844   -.590670503 H(p) 11 12 22           
       .613420131  1    .434828878 H(d) 11                 
 &END
