&ATOM
  NAME  Pd
  PPOT
  ZVAL  46
  ZEFF  18
  LMAX  2
  OCCU
           1          2
         1          6
         1         10
  MIXI  0.2
  CONV  1.0D-12
  ITER  200
  IPPN  100
  XCFN  PADE
&END

&BASIS
  GAUS
  7 
      4.653329714784      4.610890834565      1.927112177575      0.942282511488      0.429071958565      0.180896814771      0.067340387703 
 1 2 3 4 5 6 7
7 
      4.653329714784      4.610890834565      1.927112177575      0.942282511488      0.429071958565      0.180896814771      0.067340387703 
 1 2 3 4 5 6 7
7 
      4.653329714784      4.610890834565      1.927112177575      0.942282511488      0.429071958565      0.180896814771      0.067340387703 
 1 2 3 4 5 6 7

&END
 &POTENTIAL
     GOEDECKER
            3                                    LMAX
      0.410000000                                 RC
   2    15.720259220     0.140765085   #C  C1 C2
      0.342150634  2   5.177686057   2.266787075  -5.852819060 H(s) 11 12 22           
      0.343110641  2  -0.372560758   1.377063954  -3.258728087 H(p) 11 12 22           
      0.494916239  2  -1.608272979  -0.637894705   1.446609215 H(d) 11 12 22           
 &END
