&ATOM
  NAME  Hf
  PPOT
  ZVAL  72
  ZEFF  12
  LMAX  2
  OCCU
           2        2 2
         1          6
         1          2
  MIXI  0.2
  CONV  1.0D-12
  ITER  200
  IPPN  100
  XCFN  PADE
&END

&BASIS
  GAUS
  9 
      2.838867507230      2.438467915153      2.096641087224      1.161097065357      0.600540830941      0.300508236943      0.143910884287      0.066940113482      0.029573972206 
 1 2 3 4 5 6 7 8 9
9 
      2.838867507230      2.438467915153      2.096641087224      1.161097065357      0.600540830941      0.300508236943      0.143910884287      0.066940113482      0.029573972206 
 1 2 3 4 5 6 7 8 9
9 
      2.838867507230      2.438467915153      2.096641087224      1.161097065357      0.600540830941      0.300508236943      0.143910884287      0.066940113482      0.029573972206 
 1 2 3 4 5 6 7 8 9
9 
      2.838867507230      2.438467915153      2.096641087224      1.161097065357      0.600540830941      0.300508236943      0.143910884287      0.066940113482      0.029573972206 
 1 2 3 4 5 6 7 8 9

&END
 &POTENTIAL
     GOEDECKER
 3                                    LMAX
       .560000000                                 RC
   2     5.134800557      .529190623   #C  C1 C2
       .422810350  3   2.564442094   2.329108522    .270753629  -6.013732344   -.699082864   1.109759642 H(s) 11 12 13 22 23 33  
       .472681300  2  -1.025274896    .791296120  -1.872548391 H(p) 11 12 22           
       .426387517  2   1.459363264   2.329480177  -5.282764483 H(d) 11 12 22           
 &END
