&ATOM
  NAME  La
  PPOT
  ZVAL  57
  ZEFF  11
  LMAX  2
  OCCU
           2        2 2
         1          6
         1          1
  MIXI  0.2
  CONV  1.0D-12
  ITER  200
  IPPN  100
  XCFN  PADE
&END

&BASIS
  GAUS
  9 
      3.432540804352      3.343789297761      1.974136981321      1.186304432423      0.561201864005      0.274377609515      0.127090676028      0.056755031782      0.024729913428 
 1 2 3 4 5 6 7 8 9
9 
      3.432540804352      3.343789297761      1.974136981321      1.186304432423      0.561201864005      0.274377609515      0.127090676028      0.056755031782      0.024729913428 
 1 2 3 4 5 6 7 8 9
9 
      3.432540804352      3.343789297761      1.974136981321      1.186304432423      0.561201864005      0.274377609515      0.127090676028      0.056755031782      0.024729913428 
 1 2 3 4 5 6 7 8 9
9 
      3.432540804352      3.343789297761      1.974136981321      1.186304432423      0.561201864005      0.274377609515      0.127090676028      0.056755031782      0.024729913428 
 1 2 3 4 5 6 7 8 9

&END
 &POTENTIAL
     GOEDECKER
 4                                    LMAX
       .535000000                                 RC
   2    19.909308230    -1.474830230   #C  C1 C2
       .551775415  2   1.293271918    .434478773  -1.121819367 H(s) 11 12 22           
       .476308058  3   1.172526820    .350236088    .008876396   -.828809857   -.021005386    .029857280 H(p) 11 12 13 22 23 33  
       .626672196  1    .328377042 H(d) 11                 
       .299310168  1 -18.269438961 H(f) 11                 
 &END
