&ATOM
  NAME  Na
  PPOT
  ZVAL  11
  ZEFF  9
  LMAX  1
  OCCU
           2        2 1
         1          6
  MIXI  0.2
  CONV  1.0D-12
  ITER  200
  IPPN  100
  XCFN  PADE
&END

&BASIS
  GAUS
  9 
     21.264950913218     11.662499934980      5.699593392339      2.653588725786      1.216612554943      0.549067141887      0.236194772741      0.064873931118      0.024115870711 
 1 2 3 4 5 6 7 8 9
9 
     21.264950913218     11.662499934980      5.699593392339      2.653588725786      1.216612554943      0.549067141887      0.236194772741      0.064873931118      0.024115870711 
 1 2 3 4 5 6 7 8 9
9 
     21.264950913218     11.662499934980      5.699593392339      2.653588725786      1.216612554943      0.549067141887      0.236194772741      0.064873931118      0.024115870711 
 1 2 3 4 5 6 7 8 9

&END
 &POTENTIAL
     GOEDECKER
 2                                    LMAX
       .246317800                                 RC
   2    -7.545592526     1.125996707   #C  C1 C2
       .141251249  1  36.556986530 H(s) 11                 
       .139668398  1 -10.392083317 H(p) 11                 
 &END
