&ATOM
  NAME  In
  PPOT
  ZVAL  49
  ZEFF  13
  LMAX  2
  OCCU
           1          2
         1          1
         1         10
  MIXI  0.2
  CONV  1.0D-12
  ITER  200
  IPPN  100
  XCFN  PADE
&END

&BASIS
  GAUS
  8 
      3.148565131889      1.983194615670      1.144506889545      0.606361295043      0.299396905842      0.138374172429      0.061604923073      0.024970055679 
 1 2 3 4 5 6 7 8
8 
      3.148565131889      1.983194615670      1.144506889545      0.606361295043      0.299396905842      0.138374172429      0.061604923073      0.024970055679 
 1 2 3 4 5 6 7 8
8 
      3.148565131889      1.983194615670      1.144506889545      0.606361295043      0.299396905842      0.138374172429      0.061604923073      0.024970055679 
 1 2 3 4 5 6 7 8

&END
 &POTENTIAL
     GOEDECKER
 3                                    LMAX
       .530000000                                 RC
   1     2.395403848   #C  C1
       .474080535  3   3.554410645  -1.841268703    .381830682   4.754135348   -.985882581   1.565040079 H(s) 11 12 13 22 23 33  
       .559819455  2   2.223664249   -.860061769   2.035277616 H(p) 11 12 22           
       .360487507  2  -4.566413718    .341207181   -.773785154 H(d) 11 12 22           
 &END
