&ATOM
  NAME  Cs
  PPOT
  ZVAL  55
  ZEFF  9
  LMAX  1
  OCCU
           2        2 1
         1          6
  MIXI  0.2
  CONV  1.0D-12
  ITER  200
  IPPN  100
  XCFN  PADE
&END

&BASIS
  GAUS
  7 
      1.907835787036      1.894207737617      0.708036298590      0.321173896891      0.136456920562      0.042756407666      0.017812641523 
 1 2 3 4 5 6 7
7 
      1.907835787036      1.894207737617      0.708036298590      0.321173896891      0.136456920562      0.042756407666      0.017812641523 
 1 2 3 4 5 6 7
7 
      1.907835787036      1.894207737617      0.708036298590      0.321173896891      0.136456920562      0.042756407666      0.017812641523 
 1 2 3 4 5 6 7

&END
 &POTENTIAL
     GOEDECKER
 4                                    LMAX
       .540000000                                 RC
   2    35.234438100    -3.318070094   #C  C1 C2
       .456821030  2   -.282378488   1.077059490  -2.780955645 H(s) 11 12 22           
       .362466999  2  -2.696733213    .968098829  -2.290939964 H(p) 11 12 22           
       .761462052  1    .183754396 H(d) 11                 
       .333507034  1 -17.948259444 H(f) 11                 
 &END
