&ATOM
  NAME  Ta
  PPOT
  ZVAL  73
  ZEFF  5
  LMAX  2
  OCCU
           1          2
         1          0
         1          3
  MIXI  0.2
  CONV  1.0D-12
  ITER  200
  IPPN  100
  XCFN  PADE
&END

&BASIS
  GAUS
  6 
      1.413168881172      1.401777232682      0.583016867959      0.251688734631      0.104271503841      0.041948398240 
 1 2 3 4 5 6
6 
      1.413168881172      1.401777232682      0.583016867959      0.251688734631      0.104271503841      0.041948398240 
 1 2 3 4 5 6
6 
      1.413168881172      1.401777232682      0.583016867959      0.251688734631      0.104271503841      0.041948398240 
 1 2 3 4 5 6

&END
 &POTENTIAL
     GOEDECKER
 3                                    LMAX
       .744000000                                 RC
   1     3.623116454   #C  C1
       .581801128  2   2.005338333  -1.172366052   3.027036131 H(s) 11 12 22           
       .770646282  2    .518566639   -.500913804   1.185378412 H(p) 11 12 22           
       .534369958  2  -2.202200399    .734934570  -1.666674945 H(d) 11 12 22           
 &END
