&ATOM
  NAME  Ge
  PPOT
  ZVAL  32
  ZEFF  4
  LMAX  1
  OCCU
           1          2
         1          2
  MIXI  0.2
  CONV  1.0D-12
  ITER  200
  IPPN  100
  XCFN  PADE
&END

&BASIS
  GAUS
  9 
      2.404822393065      1.799674489036      1.249772697189      0.703293106092      0.363174975946      0.187676229725      0.096303187718      0.048538110745      0.022909027705 
 1 2 3 4 5 6 7 8 9
9 
      2.404822393065      1.799674489036      1.249772697189      0.703293106092      0.363174975946      0.187676229725      0.096303187718      0.048538110745      0.022909027705 
 1 2 3 4 5 6 7 8 9

&END
 &POTENTIAL
     GOEDECKER
 3                                    LMAX
       .540000000                                 RC
   0   #C 
       .493742538  3   3.826890988   -.426117748   -.327955526   1.100231295    .846777527  -1.344217652 H(s) 11 12 13 22 23 33  
       .601064379  2   1.362517806    .265112159   -.627369873 H(p) 11 12 22           
       .788368507  1    .191204848 H(d) 11                 
 &END
