&ATOM
  NAME  Po
  PPOT
  ZVAL  84
  ZEFF  6
  LMAX  1
  OCCU
           1          2
         1          4
  MIXI  0.2
  CONV  1.0D-12
  ITER  200
  IPPN  100
  XCFN  PADE
&END

&BASIS
  GAUS
  9 
      5.814529686897      2.698034185539      2.625387616997      1.071467352356      0.616306415864      0.322785555962      0.161482500184      0.079161077360      0.036282760016 
 1 2 3 4 5 6 7 8 9
9 
      5.814529686897      2.698034185539      2.625387616997      1.071467352356      0.616306415864      0.322785555962      0.161482500184      0.079161077360      0.036282760016 
 1 2 3 4 5 6 7 8 9

&END
 &POTENTIAL
     GOEDECKER
 3                                    LMAX
       .592500000                                 RC
   1    10.411730700   #C  C1
       .647949609  3   1.144202960    .284994058   -.082801744   -.735851493    .213793185   -.339386160 H(s) 11 12 13 22 23 33  
       .748947084  2    .594561845    .149421082   -.353594817 H(p) 11 12 22           
       .880468399  1    .433232277 H(d) 11                 
 &END
