&ATOM
  NAME  K
  PPOT
  ZVAL  19
  ZEFF  9
  LMAX  1
  OCCU
           2        2 1
         1          6
  MIXI  0.2
  CONV  1.0D-12
  ITER  200
  IPPN  100
  XCFN  PADE
&END

&BASIS
  GAUS
  7 
      5.604226234821      3.646598847811      1.406857841142      0.603360498152      0.240238654045      0.069585494020      0.024700159261 
 1 2 3 4 5 6 7
7 
      5.604226234821      3.646598847811      1.406857841142      0.603360498152      0.240238654045      0.069585494020      0.024700159261 
 1 2 3 4 5 6 7
7 
      5.604226234821      3.646598847811      1.406857841142      0.603360498152      0.240238654045      0.069585494020      0.024700159261 
 1 2 3 4 5 6 7

&END
 &POTENTIAL
     GOEDECKER
 2                                    LMAX
       .400000000                                 RC
   2    -4.989347506     -.756048207   #C  C1 C2
       .294825503  2  11.238704660  -2.737338926   7.067778714 H(s) 11 12 22           
       .322358653  2   5.256702388   -.396777483    .938946898 H(p) 11 12 22           
 &END
