&ATOM
  NAME  Sn
  PPOT
  ZVAL  50
  ZEFF  4
  LMAX  1
  OCCU
           1          2
         1          2
  MIXI  0.2
  CONV  1.0D-12
  ITER  200
  IPPN  100
  XCFN  PADE
&END

&BASIS
  GAUS
  8 
      1.937028941080      1.911885736588      0.934592954414      0.437465707224      0.232132523557      0.114024096245      0.055007506370      0.024979767385 
 1 2 3 4 5 6 7 8
8 
      1.937028941080      1.911885736588      0.934592954414      0.437465707224      0.232132523557      0.114024096245      0.055007506370      0.024979767385 
 1 2 3 4 5 6 7 8

&END
 &POTENTIAL
     GOEDECKER
 3                                    LMAX
       .605000000                                 RC
   1     4.610912336   #C  C1
       .663543689  3   1.648791457    .054986230   -.140662731   -.141973836    .363189609   -.576545631 H(s) 11 12 13 22 23 33  
       .745864916  2    .769355436    .188076521   -.445070281 H(p) 11 12 22           
       .944458968  1    .225115078 H(d) 11                 
 &END
