&ATOM
  NAME  Hg
  PPOT
  ZVAL  80
  ZEFF  12
  LMAX  2
  OCCU
           1          2
         1          0
         1         10
  MIXI  0.2
  CONV  1.0D-12
  ITER  200
  IPPN  100
  XCFN  PADE
&END

&BASIS
  GAUS
  5 
      3.513545596866      1.697606728098      0.729961043073      0.276152085346      0.084089843364 
 1 2 3 4 5
5 
      3.513545596866      1.697606728098      0.729961043073      0.276152085346      0.084089843364 
 1 2 3 4 5
5 
      3.513545596866      1.697606728098      0.729961043073      0.276152085346      0.084089843364 
 1 2 3 4 5

&END
 &POTENTIAL
     GOEDECKER
 3                                    LMAX
       .570000000                                 RC
   1     2.134571834   #C  C1
       .521801882  2   3.293920211  -1.805197805   4.661000689 H(s) 11 12 22           
       .621647902  2   2.100960397   -.714150470   1.689988462 H(p) 11 12 22           
       .401894007  2  -1.669885778   1.090607368  -2.473265035 H(d) 11 12 22           
 &END
