&ATOM
  NAME  V
  PPOT
  ZVAL  23
  ZEFF  13
  LMAX  2
  OCCU
           2        2 2
         1          6
         1          3
  MIXI  0.2
  CONV  1.0D-12
  ITER  200
  IPPN  100
  XCFN  PADE
&END

&BASIS
  GAUS
  8 
      8.071765826261      4.694750369820      2.224832720750      1.105076908582      0.521064771024      0.225432581545      0.092895823844      0.036931740858 
 1 2 3 4 5 6 7 8
8 
      8.071765826261      4.694750369820      2.224832720750      1.105076908582      0.521064771024      0.225432581545      0.092895823844      0.036931740858 
 1 2 3 4 5 6 7 8
8 
      8.071765826261      4.694750369820      2.224832720750      1.105076908582      0.521064771024      0.225432581545      0.092895823844      0.036931740858 
 1 2 3 4 5 6 7 8
8 
      8.071765826261      4.694750369820      2.224832720750      1.105076908582      0.521064771024      0.225432581545      0.092895823844      0.036931740858 
 1 2 3 4 5 6 7 8

&END
 &POTENTIAL
     GOEDECKER
 3                                    LMAX
       .375000000                                 RC
   2     4.941290578     -.096443360   #C  C1 C2
       .326651124  2   7.659390480   1.507453907  -3.892229251 H(s) 11 12 22           
       .246407483  2   4.256230492   2.510620244  -5.941211868 H(p) 11 12 22           
       .240791502  1  -8.828517574 H(d) 11                 
 &END
