&ATOM
  NAME  At
  PPOT
  ZVAL  85
  ZEFF  7
  LMAX  1
  OCCU
           1          2
         1          5
  MIXI  0.2
  CONV  1.0D-12
  ITER  200
  IPPN  100
  XCFN  PADE
&END

&BASIS
  GAUS
  9 
      2.627671848997      2.580014291348      1.265823120876      0.692332530844      0.456764734364      0.240138402451      0.127844810357      0.067481021639      0.033507780085 
 1 2 3 4 5 6 7 8 9
9 
      2.627671848997      2.580014291348      1.265823120876      0.692332530844      0.456764734364      0.240138402451      0.127844810357      0.067481021639      0.033507780085 
 1 2 3 4 5 6 7 8 9

&END
 &POTENTIAL
     GOEDECKER
 3                                    LMAX
       .580000000                                 RC
   1    13.520411160   #C  C1
       .627826940  3    .945556521    .374092566   -.046459813   -.965902852    .119958720   -.190428565 H(s) 11 12 13 22 23 33  
       .709823196  2    .527078052    .134726348   -.318820729 H(p) 11 12 22           
       .838364990  1    .468947870 H(d) 11                 
 &END
