&ATOM
  NAME  Ho
  PPOT
  ZVAL  67
  ZEFF  21
  LMAX  3
  OCCU
           2        2 2
         1          6
         1          0
         1         11
  MIXI  0.2
  CONV  1.0D-12
  ITER  200
  IPPN  100
  XCFN  PADE
&END

&BASIS
  GAUS
  9 
      3.723077931785      2.954249260254      1.971767011063      1.034975340419      0.536066215541      0.264858353496      0.122209697971      0.051528365183      0.018963712714 
 1 2 3 4 5 6 7 8 9
9 
      3.723077931785      2.954249260254      1.971767011063      1.034975340419      0.536066215541      0.264858353496      0.122209697971      0.051528365183      0.018963712714 
 1 2 3 4 5 6 7 8 9
9 
      3.723077931785      2.954249260254      1.971767011063      1.034975340419      0.536066215541      0.264858353496      0.122209697971      0.051528365183      0.018963712714 
 1 2 3 4 5 6 7 8 9
9 
      3.723077931785      2.954249260254      1.971767011063      1.034975340419      0.536066215541      0.264858353496      0.122209697971      0.051528365183      0.018963712714 
 1 2 3 4 5 6 7 8 9
9 
      3.723077931785      2.954249260254      1.971767011063      1.034975340419      0.536066215541      0.264858353496      0.122209697971      0.051528365183      0.018963712714 
 1 2 3 4 5 6 7 8 9

&END
 &POTENTIAL
     GOEDECKER
 4                                    LMAX
       .508750022                                 RC
   2    16.781570030    -1.173514477   #C  C1 C2
       .432211758  2   2.052796886   1.423141010  -3.674534287 H(s) 11 12 22           
       .420137920  2    .253294638    .995291167  -2.355288779 H(p) 11 12 22           
       .447130566  1   -.742862671 H(d) 11                 
       .254992259  1 -25.197210809 H(f) 11                 
 &END
