&ATOM
  NAME  Dy
  PPOT
  ZVAL  66
  ZEFF  20
  LMAX  3
  OCCU
           2        2 2
         1          6
         1          0
         1         10
  MIXI  0.2
  CONV  1.0D-12
  ITER  200
  IPPN  100
  XCFN  PADE
&END

&BASIS
  GAUS
  4 
      2.496377141430      1.035551187444      0.377479451765      0.111443298828 
 1 2 3 4
4 
      2.496377141430      1.035551187444      0.377479451765      0.111443298828 
 1 2 3 4
4 
      2.496377141430      1.035551187444      0.377479451765      0.111443298828 
 1 2 3 4
4 
      2.496377141430      1.035551187444      0.377479451765      0.111443298828 
 1 2 3 4
4 
      2.496377141430      1.035551187444      0.377479451765      0.111443298828 
 1 2 3 4

&END
 &POTENTIAL
     GOEDECKER
 4                                    LMAX
       .511666656                                 RC
   2    16.994331380     -.955297919   #C  C1 C2
       .440590446  2   1.940319501   1.378703750  -3.559797775 H(s) 11 12 22           
       .434642062  2    .014315363    .864693345  -2.046237928 H(p) 11 12 22           
       .467228801  1   -.668924170 H(d) 11                 
       .261670450  1 -23.922358173 H(f) 11                 
 &END
