&ATOM
  NAME  Na
  PPOT
  ZVAL  11
  ZEFF  9
  LMAX  1
  OCCU
           2        2 1
         1          6
  MIXI  0.2
  CONV  1.0D-12
  ITER  200
  IPPN  100
  XCFN  PADE
&END

&BASIS
  GAUS
  7 
     18.120859898379      7.377305561431      2.881661112031      1.098984230319      0.400724335357      0.091678710366      0.030973644784 
 1 2 3 4 5 6 7
7 
     18.120859898379      7.377305561431      2.881661112031      1.098984230319      0.400724335357      0.091678710366      0.030973644784 
 1 2 3 4 5 6 7
7 
     18.120859898379      7.377305561431      2.881661112031      1.098984230319      0.400724335357      0.091678710366      0.030973644784 
 1 2 3 4 5 6 7

&END
 &POTENTIAL
     GOEDECKER
 2                                    LMAX
       .246317800                                 RC
   2    -7.545592526     1.125996707   #C  C1 C2
       .141251249  1  36.556986530 H(s) 11                 
       .139668398  1 -10.392083317 H(p) 11                 
 &END
