&ATOM
  NAME  Ti
  PPOT
  ZVAL  22
  ZEFF  4
  LMAX  2
  OCCU
           1          2
         1          0
         1          2
  MIXI  0.2
  CONV  1.0D-12
  ITER  200
  IPPN  100
  XCFN  PADE
&END

&BASIS
  GAUS
  8 
      2.495784560794      1.417722884609      0.723748382303      0.364203272507      0.186239495599      0.096926554416      0.048232732710      0.022711325070 
 1 2 3 4 5 6 7 8
8 
      2.495784560794      1.417722884609      0.723748382303      0.364203272507      0.186239495599      0.096926554416      0.048232732710      0.022711325070 
 1 2 3 4 5 6 7 8
8 
      2.495784560794      1.417722884609      0.723748382303      0.364203272507      0.186239495599      0.096926554416      0.048232732710      0.022711325070 
 1 2 3 4 5 6 7 8

&END
 &POTENTIAL
     GOEDECKER
 3                                    LMAX
       .720000000                                 RC
   0   #C 
       .528410759  3   1.866613297   -.557799938    .892502525   1.440233248  -2.304431611   3.658171774 H(s) 11 12 13 22 23 33  
       .791145542  2    .967915767   -.110160233    .260686691 H(p) 11 12 22           
       .408711777  1  -4.826456347 H(d) 11                 
 &END
