&ATOM
  NAME  Mo
  PPOT
  ZVAL  42
  ZEFF  14
  LMAX  2
  OCCU
           2        2 1
         1          6
         1          5
  MIXI  0.2
  CONV  1.0D-12
  ITER  200
  IPPN  100
  XCFN  PADE
&END

&BASIS
  GAUS
  8 
      3.532891130510      3.491441324202      1.618903726084      0.814940358575      0.393592446230      0.181628388562      0.079228558058      0.032298590694 
 1 2 3 4 5 6 7 8
8 
      3.532891130510      3.491441324202      1.618903726084      0.814940358575      0.393592446230      0.181628388562      0.079228558058      0.032298590694 
 1 2 3 4 5 6 7 8
8 
      3.532891130510      3.491441324202      1.618903726084      0.814940358575      0.393592446230      0.181628388562      0.079228558058      0.032298590694 
 1 2 3 4 5 6 7 8
8 
      3.532891130510      3.491441324202      1.618903726084      0.814940358575      0.393592446230      0.181628388562      0.079228558058      0.032298590694 
 1 2 3 4 5 6 7 8

&END
 &POTENTIAL
     GOEDECKER
            3                                    LMAX
      0.430000000                                 RC
   2    16.237452280     1.496536130   #C  C1 C2
      0.376255267  2   3.362425514   2.048527920  -5.289276345 H(s) 11 12 22           
      0.361734346  2  -0.379570754   1.718922684  -4.067713496 H(p) 11 12 22           
      0.525828119  2  -1.543211301  -0.473760442   1.074387695 H(d) 11 12 22           
 &END
