&ATOM
  NAME  Pt
  PPOT
  ZVAL  78
  ZEFF  10
  LMAX  2
  OCCU
           1          1
         1          0
         1          9
  MIXI  0.2
  CONV  1.0D-12
  ITER  200
  IPPN  100
  XCFN  PADE
&END

&BASIS
  GAUS
  8 
      2.434904225815      1.909322398468      1.099688512782      0.598160881795      0.311581549569      0.156645197322      0.075969803547      0.034150234275 
 1 2 3 4 5 6 7 8
8 
      2.434904225815      1.909322398468      1.099688512782      0.598160881795      0.311581549569      0.156645197322      0.075969803547      0.034150234275 
 1 2 3 4 5 6 7 8
8 
      2.434904225815      1.909322398468      1.099688512782      0.598160881795      0.311581549569      0.156645197322      0.075969803547      0.034150234275 
 1 2 3 4 5 6 7 8

&END
 &POTENTIAL
     GOEDECKER
 3                                    LMAX
       .616000000                                 RC
   1    11.027417070   #C  C1
       .520132114  2   2.447430059  -1.022606946   2.640359780 H(s) 11 12 22           
       .658975664  2    .408452975   -.696287110   1.647716037 H(p) 11 12 22           
       .451243182  2  -4.552294536    .927069356  -2.102395683 H(d) 11 12 22           
 &END
