&ATOM
  NAME  Pm
  PPOT
  ZVAL  61
  ZEFF  15
  LMAX  3
  OCCU
           2        2 2
         1          6
         1          0
         1          5
  MIXI  0.2
  CONV  1.0D-12
  ITER  200
  IPPN  100
  XCFN  PADE
&END

&BASIS
  GAUS
  9 
      2.570831351931      2.506408374514      1.616618637012      0.741571610045      0.370777213307      0.180614936414      0.082134771888      0.034229486254      0.012901978784 
 1 2 3 4 5 6 7 8 9
9 
      2.570831351931      2.506408374514      1.616618637012      0.741571610045      0.370777213307      0.180614936414      0.082134771888      0.034229486254      0.012901978784 
 1 2 3 4 5 6 7 8 9
9 
      2.570831351931      2.506408374514      1.616618637012      0.741571610045      0.370777213307      0.180614936414      0.082134771888      0.034229486254      0.012901978784 
 1 2 3 4 5 6 7 8 9
9 
      2.570831351931      2.506408374514      1.616618637012      0.741571610045      0.370777213307      0.180614936414      0.082134771888      0.034229486254      0.012901978784 
 1 2 3 4 5 6 7 8 9
9 
      2.570831351931      2.506408374514      1.616618637012      0.741571610045      0.370777213307      0.180614936414      0.082134771888      0.034229486254      0.012901978784 
 1 2 3 4 5 6 7 8 9

&END
 &POTENTIAL
     GOEDECKER
 4                                    LMAX
       .526250005                                 RC
   2    18.251722920     -.492107440   #C  C1 C2
       .489878560  2   1.308977570    .971247740  -2.507750881 H(s) 11 12 22           
       .472260165  2    .160512380    .661462207  -1.565305275 H(p) 11 12 22           
       .473709145  1   -.429952406 H(d) 11                 
       .291526525  1 -19.305056684 H(f) 11                 
 &END
