&ATOM
  NAME  W
  PPOT
  ZVAL  74
  ZEFF  6
  LMAX  2
  OCCU
           1          2
         1          0
         1          4
  MIXI  0.2
  CONV  1.0D-12
  ITER  200
  IPPN  100
  XCFN  PADE
&END

&BASIS
  GAUS
  7 
      1.580914209349      1.560516843511      0.774749652934      0.381013420928      0.179534536528      0.082215576723      0.036015854448 
 1 2 3 4 5 6 7
7 
      1.580914209349      1.560516843511      0.774749652934      0.381013420928      0.179534536528      0.082215576723      0.036015854448 
 1 2 3 4 5 6 7
7 
      1.580914209349      1.560516843511      0.774749652934      0.381013420928      0.179534536528      0.082215576723      0.036015854448 
 1 2 3 4 5 6 7

&END
 &POTENTIAL
     GOEDECKER
 3                                    LMAX
       .719000000                                 RC
   1     4.058449910   #C  C1
       .582462894  2   2.161165564  -1.061778350   2.741499911 H(s) 11 12 22           
       .742307411  2    .600973386   -.549326109   1.299942836 H(p) 11 12 22           
       .534958867  2  -2.517063471    .347976536   -.789136608 H(d) 11 12 22           
 &END
