&ATOM
  NAME  Gd
  PPOT
  ZVAL  64
  ZEFF  18
  LMAX  3
  OCCU
           2        2 2
         1          6
         1          0
         1          8
  MIXI  0.2
  CONV  1.0D-12
  ITER  200
  IPPN  100
  XCFN  PADE
&END

&BASIS
  GAUS
  6 
      2.873210609098      2.855567509516      0.976027003998      0.429738595149      0.164634335161      0.049343308003 
 1 2 3 4 5 6
6 
      2.873210609098      2.855567509516      0.976027003998      0.429738595149      0.164634335161      0.049343308003 
 1 2 3 4 5 6
6 
      2.873210609098      2.855567509516      0.976027003998      0.429738595149      0.164634335161      0.049343308003 
 1 2 3 4 5 6
6 
      2.873210609098      2.855567509516      0.976027003998      0.429738595149      0.164634335161      0.049343308003 
 1 2 3 4 5 6
6 
      2.873210609098      2.855567509516      0.976027003998      0.429738595149      0.164634335161      0.049343308003 
 1 2 3 4 5 6

&END
 &POTENTIAL
     GOEDECKER
 4                                    LMAX
       .517500043                                 RC
   2    17.512556400     -.719534197   #C  C1 C2
       .462013719  2   1.551855908   1.188503392  -3.068702564 H(s) 11 12 22           
       .456953270  2   -.058347130    .717413817  -1.697710952 H(p) 11 12 22           
       .482368128  1   -.562600773 H(d) 11                 
       .273389804  1 -21.923490110 H(f) 11                 
 &END
