&ATOM
  NAME  Rh
  PPOT
  ZVAL  45
  ZEFF  17
  LMAX  2
  OCCU
           2        2 1
         1          6
         1          8
  MIXI  0.2
  CONV  1.0D-12
  ITER  200
  IPPN  100
  XCFN  PADE
&END

&BASIS
  GAUS
  8 
      4.491767632773      4.444252296838      1.918276880321      0.997861023489      0.489366673897      0.227174007604      0.097651348515      0.037836704885 
 1 2 3 4 5 6 7 8
8 
      4.491767632773      4.444252296838      1.918276880321      0.997861023489      0.489366673897      0.227174007604      0.097651348515      0.037836704885 
 1 2 3 4 5 6 7 8
8 
      4.491767632773      4.444252296838      1.918276880321      0.997861023489      0.489366673897      0.227174007604      0.097651348515      0.037836704885 
 1 2 3 4 5 6 7 8
8 
      4.491767632773      4.444252296838      1.918276880321      0.997861023489      0.489366673897      0.227174007604      0.097651348515      0.037836704885 
 1 2 3 4 5 6 7 8

&END
 &POTENTIAL
     GOEDECKER
 3                                    LMAX
       .420000000                                 RC
   2    15.225012310      .415911445   #C  C1 C2
       .350051852  2   4.715292443   2.248470026  -5.805524644 H(s) 11 12 22           
       .350253388  2   -.504693864   1.425369366  -3.373039556 H(p) 11 12 22           
       .496949796  2  -1.685594313   -.611921275   1.387707013 H(d) 11 12 22           
 &END
