&ATOM
  NAME  Hg
  PPOT
  ZVAL  80
  ZEFF  12
  LMAX  2
  OCCU
           1          2
         1          0
         1         10
  MIXI  0.2
  CONV  1.0D-12
  ITER  200
  IPPN  100
  XCFN  PADE
&END

&BASIS
  GAUS
  7 
      3.539275573062      1.976047969342      1.083734236663      0.546890986344      0.258901853352      0.116367233763      0.048784510113 
 1 2 3 4 5 6 7
7 
      3.539275573062      1.976047969342      1.083734236663      0.546890986344      0.258901853352      0.116367233763      0.048784510113 
 1 2 3 4 5 6 7
7 
      3.539275573062      1.976047969342      1.083734236663      0.546890986344      0.258901853352      0.116367233763      0.048784510113 
 1 2 3 4 5 6 7

&END
 &POTENTIAL
     GOEDECKER
 3                                    LMAX
       .570000000                                 RC
   1     2.134571834   #C  C1
       .521801882  2   3.293920211  -1.805197805   4.661000689 H(s) 11 12 22           
       .621647902  2   2.100960397   -.714150470   1.689988462 H(p) 11 12 22           
       .401894007  2  -1.669885778   1.090607368  -2.473265035 H(d) 11 12 22           
 &END
