&ATOM
  NAME  Ni
  PPOT
  ZVAL  28
  ZEFF  18
  LMAX  2
  OCCU
           2        2 2
         1          6
         1          8
  MIXI  0.2
  CONV  1.0D-12
  ITER  200
  IPPN  100
  XCFN  PADE
&END

&BASIS
  GAUS
  4 
      7.781612909668      2.854057158375      0.859629847614      0.145977608398 
 1 2 3 4
4 
      7.781612909668      2.854057158375      0.859629847614      0.145977608398 
 1 2 3 4
4 
      7.781612909668      2.854057158375      0.859629847614      0.145977608398 
 1 2 3 4
4 
      7.781612909668      2.854057158375      0.859629847614      0.145977608398 
 1 2 3 4

&END
 &POTENTIAL
     GOEDECKER
 3                                    LMAX
       .350000000                                 RC
   2     3.610310723      .449638317   #C  C1 C2
       .245104893  2  12.161130710   3.516254200  -9.078929305 H(s) 11 12 22           
       .234741355  2   -.820623573   2.547747372  -6.029070687 H(p) 11 12 22           
       .214949502  1 -13.395062120 H(d) 11                 
 &END
