&ATOM
  NAME  Pb
  PPOT
  ZVAL  82
  ZEFF  4
  LMAX  1
  OCCU
           1          2
         1          2
  MIXI  0.2
  CONV  1.0D-12
  ITER  200
  IPPN  100
  XCFN  PADE
&END

&BASIS
  GAUS
  8 
      1.383505936136      0.747431093477      0.724186154613      0.302044571310      0.161071172738      0.084290996773      0.042951354065      0.020460782356 
 1 2 3 4 5 6 7 8
8 
      1.383505936136      0.747431093477      0.724186154613      0.302044571310      0.161071172738      0.084290996773      0.042951354065      0.020460782356 
 1 2 3 4 5 6 7 8

&END
 &POTENTIAL
     GOEDECKER
 3                                    LMAX
       .617500000                                 RC
   1      .753142574   #C  C1
       .705258597  3   1.979927411    .063888719   -.196658602   -.164959963    .507770326   -.806060404 H(s) 11 12 13 22 23 33  
       .846641055  2    .864420302    .228601062   -.540968849 H(p) 11 12 22           
       .971938569  1    .374967084 H(d) 11                 
 &END
