&ATOM
  NAME  Zn
  PPOT
  ZVAL  30
  ZEFF  12
  LMAX  2
  OCCU
           1          2
         1          0
         1         10
  MIXI  0.2
  CONV  1.0D-12
  ITER  200
  IPPN  100
  XCFN  PADE
&END

&BASIS
  GAUS
  8 
      6.953720956731      4.584595282523      2.603942002476      1.323819318253      0.622972777943      0.275511828261      0.115448601122      0.046063028350 
 1 2 3 4 5 6 7 8
8 
      6.953720956731      4.584595282523      2.603942002476      1.323819318253      0.622972777943      0.275511828261      0.115448601122      0.046063028350 
 1 2 3 4 5 6 7 8
8 
      6.953720956731      4.584595282523      2.603942002476      1.323819318253      0.622972777943      0.275511828261      0.115448601122      0.046063028350 
 1 2 3 4 5 6 7 8

&END
 &POTENTIAL
     GOEDECKER
 3                                    LMAX
       .510000000                                 RC
   0   #C 
       .400866201  3   4.278709729  -1.404863501    .695223128   3.627341962  -1.795058397   2.849566865 H(s) 11 12 13 22 23 33  
       .539618061  2   2.023884004   -.182444171    .431741710 H(p) 11 12 22           
       .252150587  1 -14.338368410 H(d) 11                 
 &END
