&ATOM
  NAME  Lu
  PPOT
  ZVAL  71
  ZEFF  25
  LMAX  3
  OCCU
           2        2 2
         1          6
         1          1
         1         14
  MIXI  0.2
  CONV  1.0D-12
  ITER  200
  IPPN  100
  XCFN  PADE
&END

&BASIS
  GAUS
  7 
      3.899790005496      3.864620819426      1.608597943483      0.801996554594      0.355497755887      0.139390368474      0.045201924689 
 1 2 3 4 5 6 7
7 
      3.899790005496      3.864620819426      1.608597943483      0.801996554594      0.355497755887      0.139390368474      0.045201924689 
 1 2 3 4 5 6 7
7 
      3.899790005496      3.864620819426      1.608597943483      0.801996554594      0.355497755887      0.139390368474      0.045201924689 
 1 2 3 4 5 6 7
7 
      3.899790005496      3.864620819426      1.608597943483      0.801996554594      0.355497755887      0.139390368474      0.045201924689 
 1 2 3 4 5 6 7
7 
      3.899790005496      3.864620819426      1.608597943483      0.801996554594      0.355497755887      0.139390368474      0.045201924689 
 1 2 3 4 5 6 7

&END
 &POTENTIAL
     GOEDECKER
 4                                    LMAX
       .497000000                                 RC
   2    17.037052920    -1.661610233   #C  C1 C2
       .391206148  2   2.184677793   2.103938599  -5.432346104 H(s) 11 12 22           
       .393895673  2   -.719818779   1.151015115  -2.723798902 H(p) 11 12 22           
       .436518271  1  -1.173245134 H(d) 11                 
       .232629261  1 -31.852261774 H(f) 11                 
 &END
