&ATOM
  NAME  In
  PPOT
  ZVAL  49
  ZEFF  13
  LMAX  2
  OCCU
           1          2
         1          1
         1         10
  MIXI  0.2
  CONV  1.0D-12
  ITER  200
  IPPN  100
  XCFN  PADE
&END

&BASIS
  GAUS
  5 
      2.813273233067      1.296791184258      0.535721782427      0.200607271872      0.059992780166 
 1 2 3 4 5
5 
      2.813273233067      1.296791184258      0.535721782427      0.200607271872      0.059992780166 
 1 2 3 4 5
5 
      2.813273233067      1.296791184258      0.535721782427      0.200607271872      0.059992780166 
 1 2 3 4 5

&END
 &POTENTIAL
     GOEDECKER
 3                                    LMAX
       .530000000                                 RC
   1     2.395403848   #C  C1
       .474080535  3   3.554410645  -1.841268703    .381830682   4.754135348   -.985882581   1.565040079 H(s) 11 12 13 22 23 33  
       .559819455  2   2.223664249   -.860061769   2.035277616 H(p) 11 12 22           
       .360487507  2  -4.566413718    .341207181   -.773785154 H(d) 11 12 22           
 &END
