&ATOM
  NAME  Ti
  PPOT
  ZVAL  22
  ZEFF  12
  LMAX  2
  OCCU
           2        2 2
         1          6
         1          2
  MIXI  0.2
  CONV  1.0D-12
  ITER  200
  IPPN  100
  XCFN  PADE
&END

&BASIS
  GAUS
  9 
      8.617282524828      7.421618596224      3.993921124446      1.953216678663      0.947745776088      0.443883439999      0.194789341600      0.081413841668      0.033221462228 
 1 2 3 4 5 6 7 8 9
9 
      8.617282524828      7.421618596224      3.993921124446      1.953216678663      0.947745776088      0.443883439999      0.194789341600      0.081413841668      0.033221462228 
 1 2 3 4 5 6 7 8 9
9 
      8.617282524828      7.421618596224      3.993921124446      1.953216678663      0.947745776088      0.443883439999      0.194789341600      0.081413841668      0.033221462228 
 1 2 3 4 5 6 7 8 9
9 
      8.617282524828      7.421618596224      3.993921124446      1.953216678663      0.947745776088      0.443883439999      0.194789341600      0.081413841668      0.033221462228 
 1 2 3 4 5 6 7 8 9

&END
 &POTENTIAL
     GOEDECKER
 3                                    LMAX
       .380000000                                 RC
   2     7.548789470     -.588376658   #C  C1 C2
       .334234658  2   6.925739705   1.216893300  -3.142004990 H(s) 11 12 22           
       .242415818  2   5.079086499   2.655593214  -6.284280530 H(p) 11 12 22           
       .242947495  1  -9.125895906 H(d) 11                 
 &END
