&ATOM
  NAME  Te
  PPOT
  ZVAL  52
  ZEFF  6
  LMAX  1
  OCCU
           1          2
         1          4
  MIXI  0.2
  CONV  1.0D-12
  ITER  200
  IPPN  100
  XCFN  PADE
&END

&BASIS
  GAUS
  9 
      2.525837422152      2.448094768946      1.432228244872      0.920208677306      0.470341681684      0.251935088310      0.131395669235      0.067229030382      0.032377802520 
 1 2 3 4 5 6 7 8 9
9 
      2.525837422152      2.448094768946      1.432228244872      0.920208677306      0.470341681684      0.251935088310      0.131395669235      0.067229030382      0.032377802520 
 1 2 3 4 5 6 7 8 9

&END
 &POTENTIAL
     GOEDECKER
 3                                    LMAX
       .575000000                                 RC
   1     9.387084807   #C  C1
       .556456016  3   2.046890309    .011360468   -.214971089   -.029332601    .555052966   -.881119268 H(s) 11 12 13 22 23 33  
       .615261873  2   1.033477537    .203332449   -.481172397 H(p) 11 12 22           
       .805100720  1    .317410731 H(d) 11                 
 &END
