&ATOM
  NAME  I
  PPOT
  ZVAL  53
  ZEFF  7
  LMAX  1
  OCCU
           1          2
         1          5
  MIXI  0.2
  CONV  1.0D-12
  ITER  200
  IPPN  100
  XCFN  PADE
&END

&BASIS
  GAUS
  8 
      2.729892752707      2.669663497973      1.480004088975      0.914881660554      0.424163357121      0.209844286911      0.101490430801      0.046092521778 
 1 2 3 4 5 6 7 8
8 
      2.729892752707      2.669663497973      1.480004088975      0.914881660554      0.424163357121      0.209844286911      0.101490430801      0.046092521778 
 1 2 3 4 5 6 7 8

&END
 &POTENTIAL
     GOEDECKER
 3                                    LMAX
       .560000000                                 RC
   1    14.661825210   #C  C1
       .552830085  3   1.338053736    .323336434   -.114043117   -.834851083    .294458063   -.467437683 H(s) 11 12 13 22 23 33  
       .562251467  2    .674496169    .244159471   -.577786765 H(p) 11 12 22           
       .794324949  1    .224345427 H(d) 11                 
 &END
