&ATOM
  NAME  Mg
  PPOT
  ZVAL  12
  ZEFF  10
  LMAX  1
  OCCU
           2        2 2
         1          6
  MIXI  0.2
  CONV  1.0D-12
  ITER  200
  IPPN  100
  XCFN  PADE
&END

&BASIS
  GAUS
  8 
     38.305366507096     18.237926046507      7.833175619253      3.210024263764      1.321628440304      0.521933129710      0.126327004305      0.044990562769 
 1 2 3 4 5 6 7 8
8 
     38.305366507096     18.237926046507      7.833175619253      3.210024263764      1.321628440304      0.521933129710      0.126327004305      0.044990562769 
 1 2 3 4 5 6 7 8
8 
     38.305366507096     18.237926046507      7.833175619253      3.210024263764      1.321628440304      0.521933129710      0.126327004305      0.044990562769 
 1 2 3 4 5 6 7 8

&END
 &POTENTIAL
     GOEDECKER
 2                                    LMAX
       .210949543                                 RC
   2   -19.419007510     2.871330991   #C  C1 C2
       .141546959  1  40.316626290 H(s) 11                 
       .105469024  1 -10.891113293 H(p) 11                 
 &END
