&ATOM
  NAME  Tc
  PPOT
  ZVAL  43
  ZEFF  15
  LMAX  2
  OCCU
           2        2 1
         1          6
         1          6
  MIXI  0.2
  CONV  1.0D-12
  ITER  200
  IPPN  100
  XCFN  PADE
&END

&BASIS
  GAUS
  8 
      3.774693715716      3.730719165936      1.719673832744      0.870542894383      0.421555420194      0.194392392395      0.084450653238      0.033962180187 
 1 2 3 4 5 6 7 8
8 
      3.774693715716      3.730719165936      1.719673832744      0.870542894383      0.421555420194      0.194392392395      0.084450653238      0.033962180187 
 1 2 3 4 5 6 7 8
8 
      3.774693715716      3.730719165936      1.719673832744      0.870542894383      0.421555420194      0.194392392395      0.084450653238      0.033962180187 
 1 2 3 4 5 6 7 8
8 
      3.774693715716      3.730719165936      1.719673832744      0.870542894383      0.421555420194      0.194392392395      0.084450653238      0.033962180187 
 1 2 3 4 5 6 7 8

&END
 &POTENTIAL
     GOEDECKER
 3                                    LMAX
       .430000007                                 RC
   2    14.910011290     1.046381474   #C  C1 C2
       .369721106  2   3.917408436   2.040442127  -5.268398917 H(s) 11 12 22           
       .357772346  2   -.270000073   1.579496600  -3.737771162 H(p) 11 12 22           
       .510487331  2  -1.586709102   -.499300559   1.132307237 H(d) 11 12 22           
 &END
