&ATOM
  NAME  Ga
  PPOT
  ZVAL  31
  ZEFF  13
  LMAX  2
  OCCU
           1          2
         1          1
         1         10
  MIXI  0.2
  CONV  1.0D-12
  ITER  200
  IPPN  100
  XCFN  PADE
&END

&BASIS
  GAUS
  5 
      6.793279198673      2.937914298380      1.061582637338      0.345660629346      0.091303400859 
 1 2 3 4 5
5 
      6.793279198673      2.937914298380      1.061582637338      0.345660629346      0.091303400859 
 1 2 3 4 5
5 
      6.793279198673      2.937914298380      1.061582637338      0.345660629346      0.091303400859 
 1 2 3 4 5

&END
 &POTENTIAL
     GOEDECKER
            3                                    LMAX
      0.490000000                                 RC
   0   #C 
      0.395301559  3  12.457036510  -7.085416705   1.847127377  12.151586540  -4.769262379   3.785484658 H(s) 11 12 13 22 23 33  
      0.580854414  2   1.578986065   0.328692696  -0.388914443 H(p) 11 12 22           
      0.239081000  1 -16.135751028 H(d) 11                 
 &END
