&ATOM
  NAME  Hg
  PPOT
  ZVAL  80
  ZEFF  12
  LMAX  2
  OCCU
           1          2
         1          0
         1         10
  MIXI  0.2
  CONV  1.0D-12
  ITER  200
  IPPN  100
  XCFN  PADE
&END

&BASIS
  GAUS
  9 
      3.597019669176      2.022818720821      1.273862156622      0.779926542709      0.449695700068      0.247739899966      0.132341662622      0.068119741141      0.032897568684 
 1 2 3 4 5 6 7 8 9
9 
      3.597019669176      2.022818720821      1.273862156622      0.779926542709      0.449695700068      0.247739899966      0.132341662622      0.068119741141      0.032897568684 
 1 2 3 4 5 6 7 8 9
9 
      3.597019669176      2.022818720821      1.273862156622      0.779926542709      0.449695700068      0.247739899966      0.132341662622      0.068119741141      0.032897568684 
 1 2 3 4 5 6 7 8 9

&END
 &POTENTIAL
     GOEDECKER
 3                                    LMAX
       .570000000                                 RC
   1     2.134571834   #C  C1
       .521801882  2   3.293920211  -1.805197805   4.661000689 H(s) 11 12 22           
       .621647902  2   2.100960397   -.714150470   1.689988462 H(p) 11 12 22           
       .401894007  2  -1.669885778   1.090607368  -2.473265035 H(d) 11 12 22           
 &END
