&ATOM
  NAME  V
  PPOT
  ZVAL  23
  ZEFF  5
  LMAX  2
  OCCU
           1          2
         1          0
         1          3
  MIXI  0.2
  CONV  1.0D-12
  ITER  200
  IPPN  100
  XCFN  PADE
&END

&BASIS
  GAUS
  9 
      3.000443734484      2.161897271120      1.725738740503      0.905802649618      0.459558255732      0.228210565588      0.111762200985      0.054607972499      0.025218142513 
 1 2 3 4 5 6 7 8 9
9 
      3.000443734484      2.161897271120      1.725738740503      0.905802649618      0.459558255732      0.228210565588      0.111762200985      0.054607972499      0.025218142513 
 1 2 3 4 5 6 7 8 9
9 
      3.000443734484      2.161897271120      1.725738740503      0.905802649618      0.459558255732      0.228210565588      0.111762200985      0.054607972499      0.025218142513 
 1 2 3 4 5 6 7 8 9

&END
 &POTENTIAL
     GOEDECKER
 3                                    LMAX
       .690000000                                 RC
   0   #C 
       .514704205  3   2.208669779   -.734613179    .750559191   1.896763073  -1.937935497   3.076377230 H(s) 11 12 13 22 23 33  
       .743503807  2   1.115751210   -.121131256    .286648869 H(p) 11 12 22           
       .374889585  1  -5.841633173 H(d) 11                 
 &END
