&ATOM
  NAME  Os
  PPOT
  ZVAL  76
  ZEFF  16
  LMAX  2
  OCCU
           2        2 2
         1          6
         1          6
  MIXI  0.2
  CONV  1.0D-12
  ITER  200
  IPPN  100
  XCFN  PADE
&END

&BASIS
  GAUS
  8 
      3.517567446558      2.748102290257      1.524807104884      0.813446232691      0.416723248211      0.203570342085      0.095138417119      0.040908641813 
 1 2 3 4 5 6 7 8
8 
      3.517567446558      2.748102290257      1.524807104884      0.813446232691      0.416723248211      0.203570342085      0.095138417119      0.040908641813 
 1 2 3 4 5 6 7 8
8 
      3.517567446558      2.748102290257      1.524807104884      0.813446232691      0.416723248211      0.203570342085      0.095138417119      0.040908641813 
 1 2 3 4 5 6 7 8
8 
      3.517567446558      2.748102290257      1.524807104884      0.813446232691      0.416723248211      0.203570342085      0.095138417119      0.040908641813 
 1 2 3 4 5 6 7 8

&END
 &POTENTIAL
     GOEDECKER
 3                                    LMAX
       .520000000                                 RC
   2     5.613072993      .921954762   #C  C1 C2
       .410578296  3   2.785758259   2.591850739    .548220252  -6.692129833  -1.415498604   2.247034372 H(s) 11 12 13 22 23 33  
       .422395459  2   -.590005502   1.275474461  -3.018323468 H(p) 11 12 22           
       .380252003  2    .880132818   2.527967613  -5.732891679 H(d) 11 12 22           
 &END
