&ATOM
  NAME  Nd
  PPOT
  ZVAL  60
  ZEFF  14
  LMAX  3
  OCCU
           2        2 2
         1          6
         1          0
         1          4
  MIXI  0.2
  CONV  1.0D-12
  ITER  200
  IPPN  100
  XCFN  PADE
&END

&BASIS
  GAUS
  4 
      1.709729040988      0.711759230771      0.245669918353      0.068598623284 
 1 2 3 4
4 
      1.709729040988      0.711759230771      0.245669918353      0.068598623284 
 1 2 3 4
4 
      1.709729040988      0.711759230771      0.245669918353      0.068598623284 
 1 2 3 4
4 
      1.709729040988      0.711759230771      0.245669918353      0.068598623284 
 1 2 3 4
4 
      1.709729040988      0.711759230771      0.245669918353      0.068598623284 
 1 2 3 4

&END
 &POTENTIAL
     GOEDECKER
 4                                    LMAX
       .529166698                                 RC
   2    17.815030430     -.594797667   #C  C1 C2
       .502999856  2   1.529109884    .834136795  -2.153731944 H(s) 11 12 22           
       .467012905  2    .721553461    .696195481  -1.647499204 H(p) 11 12 22           
       .325289583  1   -.543240170 H(d) 11                 
       .294742814  1 -18.520227599 H(f) 11                 
 &END
