&ATOM
  NAME  Br
  PPOT
  ZVAL  35
  ZEFF  7
  LMAX  1
  OCCU
           1          2
         1          5
  MIXI  0.2
  CONV  1.0D-12
  ITER  200
  IPPN  100
  XCFN  PADE
&END

&BASIS
  GAUS
  8 
      3.283927067718      2.186987311954      1.272752138334      0.696083338947      0.365597350141      0.187458843472      0.094201231318      0.044550475932 
 1 2 3 4 5 6 7 8
8 
      3.283927067718      2.186987311954      1.272752138334      0.696083338947      0.365597350141      0.187458843472      0.094201231318      0.044550475932 
 1 2 3 4 5 6 7 8

&END
 &POTENTIAL
     GOEDECKER
 3                                    LMAX
       .500000000                                 RC
   0   #C 
       .428207343  3   5.398837130   -.704996078   -.323016560   1.820292047    .834025172  -1.323973916 H(s) 11 12 13 22 23 33  
       .455323083  2   3.108822693    .267154054   -.632201878 H(p) 11 12 22           
       .557847274  1    .555902936 H(d) 11                 
 &END
