&ATOM
  NAME  Ir
  PPOT
  ZVAL  77
  ZEFF  17
  LMAX  2
  OCCU
           2        2 2
         1          6
         1          7
  MIXI  0.2
  CONV  1.0D-12
  ITER  200
  IPPN  100
  XCFN  PADE
&END

&BASIS
  GAUS
  9 
      5.457499659941      3.272072574821      3.093456629764      1.606177650116      0.852401833781      0.433762070653      0.210297655370      0.097528482856      0.042014709310 
 1 2 3 4 5 6 7 8 9
9 
      5.457499659941      3.272072574821      3.093456629764      1.606177650116      0.852401833781      0.433762070653      0.210297655370      0.097528482856      0.042014709310 
 1 2 3 4 5 6 7 8 9
9 
      5.457499659941      3.272072574821      3.093456629764      1.606177650116      0.852401833781      0.433762070653      0.210297655370      0.097528482856      0.042014709310 
 1 2 3 4 5 6 7 8 9
9 
      5.457499659941      3.272072574821      3.093456629764      1.606177650116      0.852401833781      0.433762070653      0.210297655370      0.097528482856      0.042014709310 
 1 2 3 4 5 6 7 8 9

&END
 &POTENTIAL
     GOEDECKER
 3                                    LMAX
       .510000000                                 RC
   2     4.904509461     1.313786453   #C  C1 C2
       .404468867  3   3.243278353   2.833284557    .721428821  -7.315509268  -1.862721205   2.956978242 H(s) 11 12 13 22 23 33  
       .411425714  2   -.380574451   1.480880438  -3.504402730 H(p) 11 12 22           
       .376428133  2    .754315469   2.590887434  -5.875580421 H(d) 11 12 22           
 &END
