&ATOM
  NAME  Rb
  PPOT
  ZVAL  37
  ZEFF  9
  LMAX  1
  OCCU
           2        2 1
         1          6
  MIXI  0.2
  CONV  1.0D-12
  ITER  200
  IPPN  100
  XCFN  PADE
&END

&BASIS
  GAUS
  7 
      6.640307704163      2.511854410984      1.161633643115      0.504915995540      0.207740184515      0.069659758422      0.023847197862 
 1 2 3 4 5 6 7
7 
      6.640307704163      2.511854410984      1.161633643115      0.504915995540      0.207740184515      0.069659758422      0.023847197862 
 1 2 3 4 5 6 7
7 
      6.640307704163      2.511854410984      1.161633643115      0.504915995540      0.207740184515      0.069659758422      0.023847197862 
 1 2 3 4 5 6 7

&END
 &POTENTIAL
     GOEDECKER
 3                                    LMAX
       .490000000                                 RC
   2     4.504151059     -.741018101   #C  C1 C2
       .282300767  2   9.536329196  -3.674157444   9.486633729 H(s) 11 12 22           
       .301886145  2   2.209592430  -2.313715113   5.475249281 H(p) 11 12 22           
       .514895281  1    .449375742 H(d) 11                 
 &END
