&ATOM
  NAME  In
  PPOT
  ZVAL  49
  ZEFF  3
  LMAX  1
  OCCU
           1          2
         1          1
  MIXI  0.2
  CONV  1.0D-12
  ITER  200
  IPPN  100
  XCFN  PADE
&END

&BASIS
  GAUS
  9 
      1.542401430514      1.522643796196      0.729111231598      0.325109626146      0.182278408117      0.099051597525      0.053396155750      0.028202640350      0.013865852897 
 1 2 3 4 5 6 7 8 9
9 
      1.542401430514      1.522643796196      0.729111231598      0.325109626146      0.182278408117      0.099051597525      0.053396155750      0.028202640350      0.013865852897 
 1 2 3 4 5 6 7 8 9

&END
 &POTENTIAL
     GOEDECKER
 3                                    LMAX
       .610000000                                 RC
   1     2.865776757   #C  C1
       .770601968  3   1.256193598    .153856196   -.067905338   -.397254989    .175330829   -.278329062 H(s) 11 12 13 22 23 33  
       .858131595  2    .494458640    .160912630   -.380788783 H(p) 11 12 22           
      1.088690904  1    .129207782 H(d) 11                 
 &END
