&ATOM
  NAME  Xe
  PPOT
  ZVAL  54
  ZEFF  8
  LMAX  1
  OCCU
           1          2
         1          6
  MIXI  0.2
  CONV  1.0D-12
  ITER  200
  IPPN  100
  XCFN  PADE
&END

&BASIS
  GAUS
  9 
      2.866977738765      2.731861293671      1.796244591367      1.147028635678      0.598842793863      0.324951783807      0.171203958458      0.088358263551      0.042966091386 
 1 2 3 4 5 6 7 8 9
9 
      2.866977738765      2.731861293671      1.796244591367      1.147028635678      0.598842793863      0.324951783807      0.171203958458      0.088358263551      0.042966091386 
 1 2 3 4 5 6 7 8 9

&END
 &POTENTIAL
     GOEDECKER
 3                                    LMAX
       .560000000                                 RC
   1    12.734279720   #C  C1
       .507371176  3   2.236450691    .156294526   -.276303305   -.403550729    .713412066  -1.132506546 H(s) 11 12 13 22 23 33  
       .541023707  2   1.130042989    .318100905   -.752764134 H(p) 11 12 22           
       .729821112  1    .280130782 H(d) 11                 
 &END
