&ATOM
  NAME  Y
  PPOT
  ZVAL  39
  ZEFF  11
  LMAX  2
  OCCU
           2        2 2
         1          6
         1          1
  MIXI  0.2
  CONV  1.0D-12
  ITER  200
  IPPN  100
  XCFN  PADE
&END

&BASIS
  GAUS
  5 
      6.599983827362      2.960191786503      0.859898669796      0.307948480272      0.061421433119 
 1 2 3 4 5
5 
      6.599983827362      2.960191786503      0.859898669796      0.307948480272      0.061421433119 
 1 2 3 4 5
5 
      6.599983827362      2.960191786503      0.859898669796      0.307948480272      0.061421433119 
 1 2 3 4 5
5 
      6.599983827362      2.960191786503      0.859898669796      0.307948480272      0.061421433119 
 1 2 3 4 5

&END
 &POTENTIAL
     GOEDECKER
 3                                    LMAX
       .475000000                                 RC
   2     6.892621126    -1.448411372   #C  C1 C2
       .259296130  2  11.068494070  -4.058745633  10.479636160 H(s) 11 12 22           
       .288511467  2   3.019075478  -1.809678985   4.282482104 H(p) 11 12 22           
       .503642086  2    .339919011   -.007955998    .018042508 H(d) 11 12 22           
 &END
