&ATOM
  NAME  Eu
  PPOT
  ZVAL  63
  ZEFF  17
  LMAX  3
  OCCU
           2        2 2
         1          6
         1          0
         1          7
  MIXI  0.2
  CONV  1.0D-12
  ITER  200
  IPPN  100
  XCFN  PADE
&END

&BASIS
  GAUS
  8 
      2.767307104289      2.730193700937      1.357087159803      0.688274622541      0.329245616304      0.147417342931      0.058878790629      0.020397886724 
 1 2 3 4 5 6 7 8
8 
      2.767307104289      2.730193700937      1.357087159803      0.688274622541      0.329245616304      0.147417342931      0.058878790629      0.020397886724 
 1 2 3 4 5 6 7 8
8 
      2.767307104289      2.730193700937      1.357087159803      0.688274622541      0.329245616304      0.147417342931      0.058878790629      0.020397886724 
 1 2 3 4 5 6 7 8
8 
      2.767307104289      2.730193700937      1.357087159803      0.688274622541      0.329245616304      0.147417342931      0.058878790629      0.020397886724 
 1 2 3 4 5 6 7 8
8 
      2.767307104289      2.730193700937      1.357087159803      0.688274622541      0.329245616304      0.147417342931      0.058878790629      0.020397886724 
 1 2 3 4 5 6 7 8

&END
 &POTENTIAL
     GOEDECKER
 4                                    LMAX
       .520416677                                 RC
   2    17.373516250     -.648467782   #C  C1 C2
       .469042608  2   1.763637895   1.129722796  -2.916931717 H(s) 11 12 22           
       .445907219  2    .518045939    .902280574  -2.135185545 H(p) 11 12 22           
       .490038404  1   -.426119962 H(d) 11                 
       .278401285  1 -20.946527626 H(f) 11                 
 &END
