&ATOM
  NAME  Se
  PPOT
  ZVAL  34
  ZEFF  6
  LMAX  1
  OCCU
           1          2
         1          4
  MIXI  0.2
  CONV  1.0D-12
  ITER  200
  IPPN  100
  XCFN  PADE
&END

&BASIS
  GAUS
  7 
      3.251266590036      1.970588647702      0.981498641144      0.495130783340      0.234457829469      0.108699456670      0.047502378198 
 1 2 3 4 5 6 7
7 
      3.251266590036      1.970588647702      0.981498641144      0.495130783340      0.234457829469      0.108699456670      0.047502378198 
 1 2 3 4 5 6 7

&END
 &POTENTIAL
     GOEDECKER
 3                                    LMAX
       .510000000                                 RC
   0   #C 
       .432531077  3   5.145130841   -.794739667   -.334051369   2.052008997    .862516926  -1.369203173 H(s) 11 12 13 22 23 33  
       .472472524  2   2.858806070    .249603844   -.590670503 H(p) 11 12 22           
       .613420131  1    .434828878 H(d) 11                 
 &END
