&ATOM
  NAME  Cu
  PPOT
  ZVAL  29
  ZEFF  11
  LMAX  2
  OCCU
           1          1
         1          0
         1         10
  MIXI  0.2
  CONV  1.0D-12
  ITER  200
  IPPN  100
  XCFN  PADE
&END

&BASIS
  GAUS
  5 
      5.535884207634      2.466038841857      0.906817924103      0.294004072618      0.076766407471 
 1 2 3 4 5
5 
      5.535884207634      2.466038841857      0.906817924103      0.294004072618      0.076766407471 
 1 2 3 4 5
5 
      5.535884207634      2.466038841857      0.906817924103      0.294004072618      0.076766407471 
 1 2 3 4 5

&END
 &POTENTIAL
     GOEDECKER
 3                                    LMAX
       .530000000                                 RC
   0   #C 
       .423734314  3   3.888050007  -1.269015491    .558725089   3.276583908  -1.442621976   2.290091390 H(s) 11 12 13 22 23 33  
       .572176972  2   1.751272420   -.158442203    .374942686 H(p) 11 12 22           
       .266142746  1 -12.676957494 H(d) 11                 
 &END
