&ATOM
  NAME  Rn
  PPOT
  ZVAL  86
  ZEFF  8
  LMAX  1
  OCCU
           1          2
         1          6
  MIXI  0.2
  CONV  1.0D-12
  ITER  200
  IPPN  100
  XCFN  PADE
&END

&BASIS
  GAUS
  9 
      5.099493101892      2.979763740500      2.887878134430      1.293939655783      0.445118597907      0.242170189203      0.131238218986      0.070377684184      0.035718606552 
 1 2 3 4 5 6 7 8 9
9 
      5.099493101892      2.979763740500      2.887878134430      1.293939655783      0.445118597907      0.242170189203      0.131238218986      0.070377684184      0.035718606552 
 1 2 3 4 5 6 7 8 9

&END
 &POTENTIAL
     GOEDECKER
 3                                    LMAX
       .570000000                                 RC
   1    14.629184610   #C  C1
       .615181950  3    .981832239    .402388540   -.029388215  -1.038962744    .075880044   -.120455835 H(s) 11 12 13 22 23 33  
       .676697211  2    .612278587    .145418219   -.344122314 H(p) 11 12 22           
       .788337148  1    .557745957 H(d) 11                 
 &END
