&ATOM
  NAME  Ta
  PPOT
  ZVAL  73
  ZEFF  5
  LMAX  2
  OCCU
           1          2
         1          0
         1          3
  MIXI  0.2
  CONV  1.0D-12
  ITER  200
  IPPN  100
  XCFN  PADE
&END

&BASIS
  GAUS
  8 
      1.589742146367      1.558414963792      0.861028489973      0.463206981120      0.238517810894      0.119860561213      0.059675963321      0.027939053296 
 1 2 3 4 5 6 7 8
8 
      1.589742146367      1.558414963792      0.861028489973      0.463206981120      0.238517810894      0.119860561213      0.059675963321      0.027939053296 
 1 2 3 4 5 6 7 8
8 
      1.589742146367      1.558414963792      0.861028489973      0.463206981120      0.238517810894      0.119860561213      0.059675963321      0.027939053296 
 1 2 3 4 5 6 7 8

&END
 &POTENTIAL
     GOEDECKER
 3                                    LMAX
       .744000000                                 RC
   1     3.623116454   #C  C1
       .581801128  2   2.005338333  -1.172366052   3.027036131 H(s) 11 12 22           
       .770646282  2    .518566639   -.500913804   1.185378412 H(p) 11 12 22           
       .534369958  2  -2.202200399    .734934570  -1.666674945 H(d) 11 12 22           
 &END
