&ATOM
  NAME  Tl
  PPOT
  ZVAL  81
  ZEFF  13
  LMAX  2
  OCCU
           1          2
         1          1
         1         10
  MIXI  0.2
  CONV  1.0D-12
  ITER  200
  IPPN  100
  XCFN  PADE
&END

&BASIS
  GAUS
  5 
      3.549924185694      1.728913844041      0.712544381247      0.263141522680      0.073168807574 
 1 2 3 4 5
5 
      3.549924185694      1.728913844041      0.712544381247      0.263141522680      0.073168807574 
 1 2 3 4 5
5 
      3.549924185694      1.728913844041      0.712544381247      0.263141522680      0.073168807574 
 1 2 3 4 5

&END
 &POTENTIAL
     GOEDECKER
 3                                    LMAX
       .550000000                                 RC
   1     7.301885820   #C  C1
       .502422660  2   3.326560219  -1.681413223   4.341390274 H(s) 11 12 22           
       .572015937  2   1.272807292  -1.264437807   2.992205979 H(p) 11 12 22           
       .393185037  2  -3.200652267   1.326533727  -3.008295728 H(d) 11 12 22           
 &END
