&ATOM
  NAME  Nb
  PPOT
  ZVAL  41
  ZEFF  13
  LMAX  2
  OCCU
           2        2 1
         1          6
         1          4
  MIXI  0.2
  CONV  1.0D-12
  ITER  200
  IPPN  100
  XCFN  PADE
&END

&BASIS
  GAUS
  5 
      2.689703653465      1.366475411876      0.545811043553      0.190250721528      0.055791678139 
 1 2 3 4 5
5 
      2.689703653465      1.366475411876      0.545811043553      0.190250721528      0.055791678139 
 1 2 3 4 5
5 
      2.689703653465      1.366475411876      0.545811043553      0.190250721528      0.055791678139 
 1 2 3 4 5
5 
      2.689703653465      1.366475411876      0.545811043553      0.190250721528      0.055791678139 
 1 2 3 4 5

&END
 &POTENTIAL
     GOEDECKER
            3                                    LMAX
      0.460000000                                 RC
   2    13.505393600     0.752433721   #C  C1 C2
      0.393708019  2   3.222024568   1.781317384  -4.599341708 H(s) 11 12 22           
      0.403625567  2  -0.822036767   0.949685363  -2.247365750 H(p) 11 12 22           
      0.513644045  2  -1.489847708  -0.363269298   0.823817333 H(d) 11 12 22           
 &END
