&ATOM
  NAME  Ta
  PPOT
  ZVAL  73
  ZEFF  5
  LMAX  2
  OCCU
           1          2
         1          0
         1          3
  MIXI  0.2
  CONV  1.0D-12
  ITER  200
  IPPN  100
  XCFN  PADE
&END

&BASIS
  GAUS
  9 
      6.781703996587      2.199335192475      1.263156409836      1.196673450387      0.569319587797      0.282401836013      0.137389310079      0.065796778387      0.030001908316 
 1 2 3 4 5 6 7 8 9
9 
      6.781703996587      2.199335192475      1.263156409836      1.196673450387      0.569319587797      0.282401836013      0.137389310079      0.065796778387      0.030001908316 
 1 2 3 4 5 6 7 8 9
9 
      6.781703996587      2.199335192475      1.263156409836      1.196673450387      0.569319587797      0.282401836013      0.137389310079      0.065796778387      0.030001908316 
 1 2 3 4 5 6 7 8 9

&END
 &POTENTIAL
     GOEDECKER
 3                                    LMAX
       .744000000                                 RC
   1     3.623116454   #C  C1
       .581801128  2   2.005338333  -1.172366052   3.027036131 H(s) 11 12 22           
       .770646282  2    .518566639   -.500913804   1.185378412 H(p) 11 12 22           
       .534369958  2  -2.202200399    .734934570  -1.666674945 H(d) 11 12 22           
 &END
