&ATOM
  NAME  Sm
  PPOT
  ZVAL  62
  ZEFF  16
  LMAX  3
  OCCU
           2        2 2
         1          6
         1          0
         1          6
  MIXI  0.2
  CONV  1.0D-12
  ITER  200
  IPPN  100
  XCFN  PADE
&END

&BASIS
  GAUS
  7 
      2.617547529041      2.599036228436      0.935054737446      0.446807526318      0.193070967474      0.074654102185      0.024611477509 
 1 2 3 4 5 6 7
7 
      2.617547529041      2.599036228436      0.935054737446      0.446807526318      0.193070967474      0.074654102185      0.024611477509 
 1 2 3 4 5 6 7
7 
      2.617547529041      2.599036228436      0.935054737446      0.446807526318      0.193070967474      0.074654102185      0.024611477509 
 1 2 3 4 5 6 7
7 
      2.617547529041      2.599036228436      0.935054737446      0.446807526318      0.193070967474      0.074654102185      0.024611477509 
 1 2 3 4 5 6 7
7 
      2.617547529041      2.599036228436      0.935054737446      0.446807526318      0.193070967474      0.074654102185      0.024611477509 
 1 2 3 4 5 6 7

&END
 &POTENTIAL
     GOEDECKER
 4                                    LMAX
       .523333371                                 RC
   2    17.206791720     -.532802916   #C  C1 C2
       .479676763  2   1.723635190   1.029968530  -2.659367310 H(s) 11 12 22           
       .490597752  2   -.082403110    .469486813  -1.111008576 H(p) 11 12 22           
       .470840256  1   -.410630338 H(d) 11                 
       .284040493  1 -19.984292010 H(f) 11                 
 &END
