&ATOM
  NAME  Lu
  PPOT
  ZVAL  71
  ZEFF  25
  LMAX  3
  OCCU
           2        2 2
         1          6
         1          1
         1         14
  MIXI  0.2
  CONV  1.0D-12
  ITER  200
  IPPN  100
  XCFN  PADE
&END

&BASIS
  GAUS
  4 
      3.277001465224      1.376291028832      0.521578952059      0.152820162808 
 1 2 3 4
4 
      3.277001465224      1.376291028832      0.521578952059      0.152820162808 
 1 2 3 4
4 
      3.277001465224      1.376291028832      0.521578952059      0.152820162808 
 1 2 3 4
4 
      3.277001465224      1.376291028832      0.521578952059      0.152820162808 
 1 2 3 4
4 
      3.277001465224      1.376291028832      0.521578952059      0.152820162808 
 1 2 3 4

&END
 &POTENTIAL
     GOEDECKER
 4                                    LMAX
       .497000000                                 RC
   2    17.037052920    -1.661610233   #C  C1 C2
       .391206148  2   2.184677793   2.103938599  -5.432346104 H(s) 11 12 22           
       .393895673  2   -.719818779   1.151015115  -2.723798902 H(p) 11 12 22           
       .436518271  1  -1.173245134 H(d) 11                 
       .232629261  1 -31.852261774 H(f) 11                 
 &END
