&ATOM
  NAME  Sb
  PPOT
  ZVAL  51
  ZEFF  5
  LMAX  1
  OCCU
           1          2
         1          3
  MIXI  0.2
  CONV  1.0D-12
  ITER  200
  IPPN  100
  XCFN  PADE
&END

&BASIS
  GAUS
  9 
      2.284143294001      2.228083109993      1.207286873747      0.779898939585      0.398524563433      0.211590447801      0.109941361786      0.056061878323      0.026881043945 
 1 2 3 4 5 6 7 8 9
9 
      2.284143294001      2.228083109993      1.207286873747      0.779898939585      0.398524563433      0.211590447801      0.109941361786      0.056061878323      0.026881043945 
 1 2 3 4 5 6 7 8 9

&END
 &POTENTIAL
     GOEDECKER
 3                                    LMAX
       .590000000                                 RC
   1     6.680227830   #C  C1
       .597683560  3   1.951476722   -.014538121   -.191918210    .037537267    .495530687   -.786630579 H(s) 11 12 13 22 23 33  
       .672122045  2    .970312849    .197229982   -.466731323 H(p) 11 12 22           
       .856557288  1    .300102616 H(d) 11                 
 &END
