&ATOM
  NAME  Ga
  PPOT
  ZVAL  31
  ZEFF  13
  LMAX  2
  OCCU
           1          2
         1          1
         1         10
  MIXI  0.2
  CONV  1.0D-12
  ITER  200
  IPPN  100
  XCFN  PADE
&END

&BASIS
  GAUS
  7 
      7.310025655105      3.932021933591      1.817551391283      0.815371857586      0.344077603944      0.120600272606      0.040105373132 
 1 2 3 4 5 6 7
7 
      7.310025655105      3.932021933591      1.817551391283      0.815371857586      0.344077603944      0.120600272606      0.040105373132 
 1 2 3 4 5 6 7
7 
      7.310025655105      3.932021933591      1.817551391283      0.815371857586      0.344077603944      0.120600272606      0.040105373132 
 1 2 3 4 5 6 7

&END
 &POTENTIAL
     GOEDECKER
            3                                    LMAX
      0.490000000                                 RC
   0   #C 
      0.395301559  3  12.457036510  -7.085416705   1.847127377  12.151586540  -4.769262379   3.785484658 H(s) 11 12 13 22 23 33  
      0.580854414  2   1.578986065   0.328692696  -0.388914443 H(p) 11 12 22           
      0.239081000  1 -16.135751028 H(d) 11                 
 &END
