&ATOM
  NAME  V
  PPOT
  ZVAL  23
  ZEFF  5
  LMAX  2
  OCCU
           1          2
         1          0
         1          3
  MIXI  0.2
  CONV  1.0D-12
  ITER  200
  IPPN  100
  XCFN  PADE
&END

&BASIS
  GAUS
  7 
      2.912402110604      1.539270425472      0.716330593563      0.326981646181      0.148277943200      0.067173914332      0.029288966382 
 1 2 3 4 5 6 7
7 
      2.912402110604      1.539270425472      0.716330593563      0.326981646181      0.148277943200      0.067173914332      0.029288966382 
 1 2 3 4 5 6 7
7 
      2.912402110604      1.539270425472      0.716330593563      0.326981646181      0.148277943200      0.067173914332      0.029288966382 
 1 2 3 4 5 6 7

&END
 &POTENTIAL
     GOEDECKER
 3                                    LMAX
       .690000000                                 RC
   0   #C 
       .514704205  3   2.208669779   -.734613179    .750559191   1.896763073  -1.937935497   3.076377230 H(s) 11 12 13 22 23 33  
       .743503807  2   1.115751210   -.121131256    .286648869 H(p) 11 12 22           
       .374889585  1  -5.841633173 H(d) 11                 
 &END
