&ATOM
  NAME  Mn
  PPOT
  ZVAL  25
  ZEFF  15
  LMAX  2
  OCCU
           2        2 2
         1          6
         1          5
  MIXI  0.2
  CONV  1.0D-12
  ITER  200
  IPPN  100
  XCFN  PADE
&END

&BASIS
  GAUS
  5 
      7.342411182484      3.102439305902      1.207524754404      0.393578508157      0.085070621927 
 1 2 3 4 5
5 
      7.342411182484      3.102439305902      1.207524754404      0.393578508157      0.085070621927 
 1 2 3 4 5
5 
      7.342411182484      3.102439305902      1.207524754404      0.393578508157      0.085070621927 
 1 2 3 4 5
5 
      7.342411182484      3.102439305902      1.207524754404      0.393578508157      0.085070621927 
 1 2 3 4 5

&END
 &POTENTIAL
     GOEDECKER
 3                                    LMAX
       .365000000                                 RC
   2     6.748683320     -.576568995   #C  C1 C2
       .280752664  2   9.379531503   2.159296667  -5.575280021 H(s) 11 12 22           
       .254535666  2    .371175677   1.787102714  -4.229056895 H(p) 11 12 22           
       .221422096  1 -12.115384526 H(d) 11                 
 &END
