&ATOM
  NAME  I
  PPOT
  ZVAL  53
  ZEFF  7
  LMAX  1
  OCCU
           1          2
         1          5
  MIXI  0.2
  CONV  1.0D-12
  ITER  200
  IPPN  100
  XCFN  PADE
&END

&BASIS
  GAUS
  9 
      4.322020639262      2.561659860624      2.389704110907      1.369144463690      0.704980294853      0.374413504975      0.187979038400      0.092633601808      0.043018835580 
 1 2 3 4 5 6 7 8 9
9 
      4.322020639262      2.561659860624      2.389704110907      1.369144463690      0.704980294853      0.374413504975      0.187979038400      0.092633601808      0.043018835580 
 1 2 3 4 5 6 7 8 9

&END
 &POTENTIAL
     GOEDECKER
 3                                    LMAX
       .560000000                                 RC
   1    14.661825210   #C  C1
       .552830085  3   1.338053736    .323336434   -.114043117   -.834851083    .294458063   -.467437683 H(s) 11 12 13 22 23 33  
       .562251467  2    .674496169    .244159471   -.577786765 H(p) 11 12 22           
       .794324949  1    .224345427 H(d) 11                 
 &END
