&ATOM
  NAME  Yb
  PPOT
  ZVAL  70
  ZEFF  24
  LMAX  3
  OCCU
           2        2 2
         1          6
         1          0
         1         14
  MIXI  0.2
  CONV  1.0D-12
  ITER  200
  IPPN  100
  XCFN  PADE
&END

&BASIS
  GAUS
  5 
      2.594959734962      1.660481392872      0.721399447185      0.276614412975      0.083613975336 
 1 2 3 4 5
5 
      2.594959734962      1.660481392872      0.721399447185      0.276614412975      0.083613975336 
 1 2 3 4 5
5 
      2.594959734962      1.660481392872      0.721399447185      0.276614412975      0.083613975336 
 1 2 3 4 5
5 
      2.594959734962      1.660481392872      0.721399447185      0.276614412975      0.083613975336 
 1 2 3 4 5
5 
      2.594959734962      1.660481392872      0.721399447185      0.276614412975      0.083613975336 
 1 2 3 4 5

&END
 &POTENTIAL
     GOEDECKER
 4                                    LMAX
       .500000000                                 RC
   2    17.357144210    -1.773916425   #C  C1 C2
       .402309180  2   2.120770952   1.860190026  -4.802989995 H(s) 11 12 22           
       .414357740  2   -.923212157    .709312438  -1.678539590 H(p) 11 12 22           
       .444024678  1   -.889967333 H(d) 11                 
       .238298293  1 -29.932853666 H(f) 11                 
 &END
