&ATOM
  NAME  Cr
  PPOT
  ZVAL  24
  ZEFF  14
  LMAX  2
  OCCU
           2        2 1
         1          6
         1          5
  MIXI  0.2
  CONV  1.0D-12
  ITER  200
  IPPN  100
  XCFN  PADE
&END

&BASIS
  GAUS
  5 
      7.831001493229      3.446801167560      1.285596120792      0.406418300634      0.088527738887 
 1 2 3 4 5
5 
      7.831001493229      3.446801167560      1.285596120792      0.406418300634      0.088527738887 
 1 2 3 4 5
5 
      7.831001493229      3.446801167560      1.285596120792      0.406418300634      0.088527738887 
 1 2 3 4 5
5 
      7.831001493229      3.446801167560      1.285596120792      0.406418300634      0.088527738887 
 1 2 3 4 5

&END
 &POTENTIAL
     GOEDECKER
 3                                    LMAX
       .370000000                                 RC
   2     5.113361662     -.646819321   #C  C1 C2
       .306011400  2   8.617835146   1.602522285  -4.137694747 H(s) 11 12 22           
       .241089635  2   3.161587585   2.126791038  -5.032906186 H(p) 11 12 22           
       .219577019  1 -11.157868276 H(d) 11                 
 &END
