&ATOM
  NAME  Ge
  PPOT
  ZVAL  32
  ZEFF  4
  LMAX  1
  OCCU
           1          2
         1          2
  MIXI  0.2
  CONV  1.0D-12
  ITER  200
  IPPN  100
  XCFN  PADE
&END

&BASIS
  GAUS
  8 
      2.518405656867      1.620105652071      0.916204572828      0.625967689406      0.283015534798      0.134586611768      0.063377955238      0.028041415270 
 1 2 3 4 5 6 7 8
8 
      2.518405656867      1.620105652071      0.916204572828      0.625967689406      0.283015534798      0.134586611768      0.063377955238      0.028041415270 
 1 2 3 4 5 6 7 8

&END
 &POTENTIAL
     GOEDECKER
 3                                    LMAX
       .540000000                                 RC
   0   #C 
       .493742538  3   3.826890988   -.426117748   -.327955526   1.100231295    .846777527  -1.344217652 H(s) 11 12 13 22 23 33  
       .601064379  2   1.362517806    .265112159   -.627369873 H(p) 11 12 22           
       .788368507  1    .191204848 H(d) 11                 
 &END
