&ATOM
  NAME  Ca
  PPOT
  ZVAL  20
  ZEFF  10
  LMAX  1
  OCCU
           2        2 2
         1          6
  MIXI  0.2
  CONV  1.0D-12
  ITER  200
  IPPN  100
  XCFN  PADE
&END

&BASIS
  GAUS
  7 
      6.116508832140      4.147188311530      1.651141819417      0.733011350914      0.300947339011      0.080411758009      0.032131472088 
 1 2 3 4 5 6 7
7 
      6.116508832140      4.147188311530      1.651141819417      0.733011350914      0.300947339011      0.080411758009      0.032131472088 
 1 2 3 4 5 6 7
7 
      6.116508832140      4.147188311530      1.651141819417      0.733011350914      0.300947339011      0.080411758009      0.032131472088 
 1 2 3 4 5 6 7

&END
 &POTENTIAL
     GOEDECKER
 3                                    LMAX
       .390000000                                 RC
   2    -4.928146015    -1.232854091   #C  C1 C2
       .281909478  2  12.352339560  -2.965719638   7.657455178 H(s) 11 12 22           
       .310345282  2   5.722423481   -.390288604    .923591409 H(p) 11 12 22           
       .904330113  1    .016806326 H(d) 11                 
 &END
