&ATOM
  NAME  Mg
  PPOT
  ZVAL  12
  ZEFF  10
  LMAX  1
  OCCU
           2        2 2
         1          6
  MIXI  0.2
  CONV  1.0D-12
  ITER  200
  IPPN  100
  XCFN  PADE
&END

&BASIS
  GAUS
  9 
     38.514380092592     19.770266945910      9.303413307996      4.147358042391      1.855695522804      0.824688027368      0.358066210473      0.112336546248      0.041215671904 
 1 2 3 4 5 6 7 8 9
9 
     38.514380092592     19.770266945910      9.303413307996      4.147358042391      1.855695522804      0.824688027368      0.358066210473      0.112336546248      0.041215671904 
 1 2 3 4 5 6 7 8 9
9 
     38.514380092592     19.770266945910      9.303413307996      4.147358042391      1.855695522804      0.824688027368      0.358066210473      0.112336546248      0.041215671904 
 1 2 3 4 5 6 7 8 9

&END
 &POTENTIAL
     GOEDECKER
 2                                    LMAX
       .210949543                                 RC
   2   -19.419007510     2.871330991   #C  C1 C2
       .141546959  1  40.316626290 H(s) 11                 
       .105469024  1 -10.891113293 H(p) 11                 
 &END
