&ATOM
  NAME  Hf
  PPOT
  ZVAL  72
  ZEFF  12
  LMAX  2
  OCCU
           2        2 2
         1          6
         1          2
  MIXI  0.2
  CONV  1.0D-12
  ITER  200
  IPPN  100
  XCFN  PADE
&END

&BASIS
  GAUS
  7 
      3.017245278991      2.227213349605      1.138092979588      0.546372927852      0.246143480621      0.101141980823      0.040223836808 
 1 2 3 4 5 6 7
7 
      3.017245278991      2.227213349605      1.138092979588      0.546372927852      0.246143480621      0.101141980823      0.040223836808 
 1 2 3 4 5 6 7
7 
      3.017245278991      2.227213349605      1.138092979588      0.546372927852      0.246143480621      0.101141980823      0.040223836808 
 1 2 3 4 5 6 7
7 
      3.017245278991      2.227213349605      1.138092979588      0.546372927852      0.246143480621      0.101141980823      0.040223836808 
 1 2 3 4 5 6 7

&END
 &POTENTIAL
     GOEDECKER
 3                                    LMAX
       .560000000                                 RC
   2     5.134800557      .529190623   #C  C1 C2
       .422810350  3   2.564442094   2.329108522    .270753629  -6.013732344   -.699082864   1.109759642 H(s) 11 12 13 22 23 33  
       .472681300  2  -1.025274896    .791296120  -1.872548391 H(p) 11 12 22           
       .426387517  2   1.459363264   2.329480177  -5.282764483 H(d) 11 12 22           
 &END
