&ATOM
  NAME  Y
  PPOT
  ZVAL  39
  ZEFF  3
  LMAX  2
  OCCU
           1          2
         1          0
         1          1
  MIXI  0.2
  CONV  1.0D-12
  ITER  200
  IPPN  100
  XCFN  PADE
&END

&BASIS
  GAUS
  6 
      0.959447626426      0.519602953884      0.252323211200      0.117774026637      0.053995060378      0.024112294015 
 1 2 3 4 5 6
6 
      0.959447626426      0.519602953884      0.252323211200      0.117774026637      0.053995060378      0.024112294015 
 1 2 3 4 5 6
6 
      0.959447626426      0.519602953884      0.252323211200      0.117774026637      0.053995060378      0.024112294015 
 1 2 3 4 5 6

&END
 &POTENTIAL
     GOEDECKER
            3                                    LMAX
      0.900000000                                 RC
   1    -0.343891323   #C  C1
      0.782456989  3   1.520654661  -0.574893395  -0.046114532   1.484368364   0.119067209  -0.189013335 H(s) 11 12 13 22 23 33  
      0.949863749  2   0.780949999  -0.155820641   0.368738938 H(p) 11 12 22           
      0.653850595  2  -1.256929789   0.033234151  -0.075367971 H(d) 11 12 22           
 &END
