&ATOM
  NAME  Sb
  PPOT
  ZVAL  51
  ZEFF  5
  LMAX  1
  OCCU
           1          2
         1          3
  MIXI  0.2
  CONV  1.0D-12
  ITER  200
  IPPN  100
  XCFN  PADE
&END

&BASIS
  GAUS
  8 
      2.297447972861      2.265221465829      1.114894445204      0.564064342237      0.294597321050      0.144719308637      0.069988359985      0.031858909511 
 1 2 3 4 5 6 7 8
8 
      2.297447972861      2.265221465829      1.114894445204      0.564064342237      0.294597321050      0.144719308637      0.069988359985      0.031858909511 
 1 2 3 4 5 6 7 8

&END
 &POTENTIAL
     GOEDECKER
 3                                    LMAX
       .590000000                                 RC
   1     6.680227830   #C  C1
       .597683560  3   1.951476722   -.014538121   -.191918210    .037537267    .495530687   -.786630579 H(s) 11 12 13 22 23 33  
       .672122045  2    .970312849    .197229982   -.466731323 H(p) 11 12 22           
       .856557288  1    .300102616 H(d) 11                 
 &END
