&ATOM
  NAME  Y
  PPOT
  ZVAL  39
  ZEFF  11
  LMAX  2
  OCCU
           2        2 2
         1          6
         1          1
  MIXI  0.2
  CONV  1.0D-12
  ITER  200
  IPPN  100
  XCFN  PADE
&END

&BASIS
  GAUS
  6 
      7.843305109630      2.761889925160      1.153486277532      0.472477393050      0.168985512767      0.049094590799 
 1 2 3 4 5 6
6 
      7.843305109630      2.761889925160      1.153486277532      0.472477393050      0.168985512767      0.049094590799 
 1 2 3 4 5 6
6 
      7.843305109630      2.761889925160      1.153486277532      0.472477393050      0.168985512767      0.049094590799 
 1 2 3 4 5 6
6 
      7.843305109630      2.761889925160      1.153486277532      0.472477393050      0.168985512767      0.049094590799 
 1 2 3 4 5 6

&END
 &POTENTIAL
     GOEDECKER
 3                                    LMAX
       .475000000                                 RC
   2     6.892621126    -1.448411372   #C  C1 C2
       .259296130  2  11.068494070  -4.058745633  10.479636160 H(s) 11 12 22           
       .288511467  2   3.019075478  -1.809678985   4.282482104 H(p) 11 12 22           
       .503642086  2    .339919011   -.007955998    .018042508 H(d) 11 12 22           
 &END
