&ATOM
  NAME  Ti
  PPOT
  ZVAL  22
  ZEFF  4
  LMAX  2
  OCCU
           1          2
         1          0
         1          2
  MIXI  0.2
  CONV  1.0D-12
  ITER  200
  IPPN  100
  XCFN  PADE
&END

&BASIS
  GAUS
  9 
      2.488271712807      1.390289738591      0.633365993465      0.516861448535      0.426775969611      0.188995597459      0.092501891853      0.046867571569      0.022258094812 
 1 2 3 4 5 6 7 8 9
9 
      2.488271712807      1.390289738591      0.633365993465      0.516861448535      0.426775969611      0.188995597459      0.092501891853      0.046867571569      0.022258094812 
 1 2 3 4 5 6 7 8 9
9 
      2.488271712807      1.390289738591      0.633365993465      0.516861448535      0.426775969611      0.188995597459      0.092501891853      0.046867571569      0.022258094812 
 1 2 3 4 5 6 7 8 9

&END
 &POTENTIAL
     GOEDECKER
 3                                    LMAX
       .720000000                                 RC
   0   #C 
       .528410759  3   1.866613297   -.557799938    .892502525   1.440233248  -2.304431611   3.658171774 H(s) 11 12 13 22 23 33  
       .791145542  2    .967915767   -.110160233    .260686691 H(p) 11 12 22           
       .408711777  1  -4.826456347 H(d) 11                 
 &END
