&ATOM
  NAME  Cd
  PPOT
  ZVAL  48
  ZEFF  12
  LMAX  2
  OCCU
           1          2
         1          0
         1         10
  MIXI  0.2
  CONV  1.0D-12
  ITER  200
  IPPN  100
  XCFN  PADE
&END

&BASIS
  GAUS
  8 
      2.795795881973      1.778770255773      1.178146886419      0.679515372108      0.350696130653      0.171701355913      0.079245838225      0.034867952701 
 1 2 3 4 5 6 7 8
8 
      2.795795881973      1.778770255773      1.178146886419      0.679515372108      0.350696130653      0.171701355913      0.079245838225      0.034867952701 
 1 2 3 4 5 6 7 8
8 
      2.795795881973      1.778770255773      1.178146886419      0.679515372108      0.350696130653      0.171701355913      0.079245838225      0.034867952701 
 1 2 3 4 5 6 7 8

&END
 &POTENTIAL
     GOEDECKER
 3                                    LMAX
       .550000000                                 RC
   1     2.382713060   #C  C1
       .491504793  3   3.207932470  -1.603788232    .386513631   4.140963409   -.997973905   1.584234460 H(s) 11 12 13 22 23 33  
       .598564813  2   1.940149940   -.640581464   1.515892418 H(p) 11 12 22           
       .377874361  2  -4.190071931    .339606689   -.770155580 H(d) 11 12 22           
 &END
