&ATOM
  NAME  Rn
  PPOT
  ZVAL  86
  ZEFF  8
  LMAX  1
  OCCU
           1          2
         1          6
  MIXI  0.2
  CONV  1.0D-12
  ITER  200
  IPPN  100
  XCFN  PADE
&END

&BASIS
  GAUS
  8 
      2.822657594150      2.795227541077      1.308962868037      0.438213653716      0.237349061979      0.129075506680      0.069265600891      0.035113640060 
 1 2 3 4 5 6 7 8
8 
      2.822657594150      2.795227541077      1.308962868037      0.438213653716      0.237349061979      0.129075506680      0.069265600891      0.035113640060 
 1 2 3 4 5 6 7 8

&END
 &POTENTIAL
     GOEDECKER
 3                                    LMAX
       .570000000                                 RC
   1    14.629184610   #C  C1
       .615181950  3    .981832239    .402388540   -.029388215  -1.038962744    .075880044   -.120455835 H(s) 11 12 13 22 23 33  
       .676697211  2    .612278587    .145418219   -.344122314 H(p) 11 12 22           
       .788337148  1    .557745957 H(d) 11                 
 &END
