&ATOM
  NAME  Pt
  PPOT
  ZVAL  78
  ZEFF  10
  LMAX  2
  OCCU
           1          1
         1          0
         1          9
  MIXI  0.2
  CONV  1.0D-12
  ITER  200
  IPPN  100
  XCFN  PADE
&END

&BASIS
  GAUS
  7 
      2.369730944380      1.869466551906      0.983114474304      0.488542291858      0.230015654720      0.103254773472      0.042780027195 
 1 2 3 4 5 6 7
7 
      2.369730944380      1.869466551906      0.983114474304      0.488542291858      0.230015654720      0.103254773472      0.042780027195 
 1 2 3 4 5 6 7
7 
      2.369730944380      1.869466551906      0.983114474304      0.488542291858      0.230015654720      0.103254773472      0.042780027195 
 1 2 3 4 5 6 7

&END
 &POTENTIAL
     GOEDECKER
 3                                    LMAX
       .616000000                                 RC
   1    11.027417070   #C  C1
       .520132114  2   2.447430059  -1.022606946   2.640359780 H(s) 11 12 22           
       .658975664  2    .408452975   -.696287110   1.647716037 H(p) 11 12 22           
       .451243182  2  -4.552294536    .927069356  -2.102395683 H(d) 11 12 22           
 &END
