&ATOM
  NAME  As
  PPOT
  ZVAL  33
  ZEFF  5
  LMAX  1
  OCCU
           1          2
         1          3
  MIXI  0.2
  CONV  1.0D-12
  ITER  200
  IPPN  100
  XCFN  PADE
&END

&BASIS
  GAUS
  8 
      3.086468161409      1.699647524708      0.730544793282      0.514798336660      0.268620438852      0.137463886238      0.068785564181      0.031971714102 
 1 2 3 4 5 6 7 8
8 
      3.086468161409      1.699647524708      0.730544793282      0.514798336660      0.268620438852      0.137463886238      0.068785564181      0.031971714102 
 1 2 3 4 5 6 7 8

&END
 &POTENTIAL
     GOEDECKER
 3                                    LMAX
       .520000000                                 RC
   0   #C 
       .456400247  3   4.560761059   -.655459348   -.335173907   1.692388759    .865415308  -1.373804211 H(s) 11 12 13 22 23 33  
       .550561677  2   1.812246639    .273291861   -.646726580 H(p) 11 12 22           
       .685282725  1    .312372764 H(d) 11                 
 &END
