&ATOM
  NAME  Nd
  PPOT
  ZVAL  60
  ZEFF  14
  LMAX  3
  OCCU
           2        2 2
         1          6
         1          0
         1          4
  MIXI  0.2
  CONV  1.0D-12
  ITER  200
  IPPN  100
  XCFN  PADE
&END

&BASIS
  GAUS
  9 
      2.521195437252      2.447240362245      1.717007027731      0.709365521940      0.349409186913      0.168404092919      0.075960639829      0.031297382398      0.011798068670 
 1 2 3 4 5 6 7 8 9
9 
      2.521195437252      2.447240362245      1.717007027731      0.709365521940      0.349409186913      0.168404092919      0.075960639829      0.031297382398      0.011798068670 
 1 2 3 4 5 6 7 8 9
9 
      2.521195437252      2.447240362245      1.717007027731      0.709365521940      0.349409186913      0.168404092919      0.075960639829      0.031297382398      0.011798068670 
 1 2 3 4 5 6 7 8 9
9 
      2.521195437252      2.447240362245      1.717007027731      0.709365521940      0.349409186913      0.168404092919      0.075960639829      0.031297382398      0.011798068670 
 1 2 3 4 5 6 7 8 9
9 
      2.521195437252      2.447240362245      1.717007027731      0.709365521940      0.349409186913      0.168404092919      0.075960639829      0.031297382398      0.011798068670 
 1 2 3 4 5 6 7 8 9

&END
 &POTENTIAL
     GOEDECKER
 4                                    LMAX
       .529166698                                 RC
   2    17.815030430     -.594797667   #C  C1 C2
       .502999856  2   1.529109884    .834136795  -2.153731944 H(s) 11 12 22           
       .467012905  2    .721553461    .696195481  -1.647499204 H(p) 11 12 22           
       .325289583  1   -.543240170 H(d) 11                 
       .294742814  1 -18.520227599 H(f) 11                 
 &END
