&ATOM
  NAME  Zn
  PPOT
  ZVAL  30
  ZEFF  20
  LMAX  2
  OCCU
           2        2 2
         1          6
         1         10
  MIXI  0.2
  CONV  1.0D-12
  ITER  200
  IPPN  100
  XCFN  PADE
&END

&BASIS
  GAUS
  5 
      9.159104978844      3.969498598659      1.482809447368      0.477780067467      0.105735292533 
 1 2 3 4 5
5 
      9.159104978844      3.969498598659      1.482809447368      0.477780067467      0.105735292533 
 1 2 3 4 5
5 
      9.159104978844      3.969498598659      1.482809447368      0.477780067467      0.105735292533 
 1 2 3 4 5
5 
      9.159104978844      3.969498598659      1.482809447368      0.477780067467      0.105735292533 
 1 2 3 4 5

&END
 &POTENTIAL
     GOEDECKER
 3                                    LMAX
       .340000000                                 RC
   2     -.621648861     1.274222886   #C  C1 C2
       .238928244  2    .308443679  12.358777520 -15.955113180 H(s) 11 12 22           
       .239601391  2  -9.437442196   8.395963703  -9.934238222 H(p) 11 12 22           
       .206562463  1 -14.032174274 H(d) 11                 
 &END
