&ATOM
  NAME  Hg
  PPOT
  ZVAL  80
  ZEFF  12
  LMAX  2
  OCCU
           1          2
         1          0
         1         10
  MIXI  0.2
  CONV  1.0D-12
  ITER  200
  IPPN  100
  XCFN  PADE
&END

&BASIS
  GAUS
  6 
      3.390074483130      1.926756011884      0.951747071240      0.423665380087      0.173628148885      0.064566918653 
 1 2 3 4 5 6
6 
      3.390074483130      1.926756011884      0.951747071240      0.423665380087      0.173628148885      0.064566918653 
 1 2 3 4 5 6
6 
      3.390074483130      1.926756011884      0.951747071240      0.423665380087      0.173628148885      0.064566918653 
 1 2 3 4 5 6

&END
 &POTENTIAL
     GOEDECKER
 3                                    LMAX
       .570000000                                 RC
   1     2.134571834   #C  C1
       .521801882  2   3.293920211  -1.805197805   4.661000689 H(s) 11 12 22           
       .621647902  2   2.100960397   -.714150470   1.689988462 H(p) 11 12 22           
       .401894007  2  -1.669885778   1.090607368  -2.473265035 H(d) 11 12 22           
 &END
