&ATOM
  NAME  Rh
  PPOT
  ZVAL  45
  ZEFF  17
  LMAX  2
  OCCU
           2        2 1
         1          6
         1          8
  MIXI  0.2
  CONV  1.0D-12
  ITER  200
  IPPN  100
  XCFN  PADE
&END

&BASIS
  GAUS
  7 
      3.698174858066      3.659518962138      1.699637369678      0.799326520033      0.349387399253      0.137965306117      0.047519719233 
 1 2 3 4 5 6 7
7 
      3.698174858066      3.659518962138      1.699637369678      0.799326520033      0.349387399253      0.137965306117      0.047519719233 
 1 2 3 4 5 6 7
7 
      3.698174858066      3.659518962138      1.699637369678      0.799326520033      0.349387399253      0.137965306117      0.047519719233 
 1 2 3 4 5 6 7
7 
      3.698174858066      3.659518962138      1.699637369678      0.799326520033      0.349387399253      0.137965306117      0.047519719233 
 1 2 3 4 5 6 7

&END
 &POTENTIAL
     GOEDECKER
 3                                    LMAX
       .420000000                                 RC
   2    15.225012310      .415911445   #C  C1 C2
       .350051852  2   4.715292443   2.248470026  -5.805524644 H(s) 11 12 22           
       .350253388  2   -.504693864   1.425369366  -3.373039556 H(p) 11 12 22           
       .496949796  2  -1.685594313   -.611921275   1.387707013 H(d) 11 12 22           
 &END
