&ATOM
  NAME  Au
  PPOT
  ZVAL  79
  ZEFF  11
  LMAX  2
  OCCU
           1          1
         1          0
         1         10
  MIXI  0.2
  CONV  1.0D-12
  ITER  200
  IPPN  100
  XCFN  PADE
&END

&BASIS
  GAUS
  8 
      2.809862564557      1.933271600963      1.160603664796      0.637440237191      0.331985979794      0.166210563621      0.079997268427      0.035672270225 
 1 2 3 4 5 6 7 8
8 
      2.809862564557      1.933271600963      1.160603664796      0.637440237191      0.331985979794      0.166210563621      0.079997268427      0.035672270225 
 1 2 3 4 5 6 7 8
8 
      2.809862564557      1.933271600963      1.160603664796      0.637440237191      0.331985979794      0.166210563621      0.079997268427      0.035672270225 
 1 2 3 4 5 6 7 8

&END
 &POTENTIAL
     GOEDECKER
 3                                    LMAX
       .590000000                                 RC
   1    11.604427900   #C  C1
       .521179753  2   2.538613586  -1.046136643   2.701113196 H(s) 11 12 22           
       .630613064  2    .394852696   -.869592128   2.057830563 H(p) 11 12 22           
       .440706431  2  -4.719069664    .727770812  -1.650429070 H(d) 11 12 22           
 &END
