&ATOM
  NAME  Tm
  PPOT
  ZVAL  69
  ZEFF  23
  LMAX  3
  OCCU
           2        2 2
         1          6
         1          0
         1         13
  MIXI  0.2
  CONV  1.0D-12
  ITER  200
  IPPN  100
  XCFN  PADE
&END

&BASIS
  GAUS
  7 
      3.626258450516      3.595516646085      1.439715358381      0.713483407551      0.317561153038      0.125300350026      0.041118584595 
 1 2 3 4 5 6 7
7 
      3.626258450516      3.595516646085      1.439715358381      0.713483407551      0.317561153038      0.125300350026      0.041118584595 
 1 2 3 4 5 6 7
7 
      3.626258450516      3.595516646085      1.439715358381      0.713483407551      0.317561153038      0.125300350026      0.041118584595 
 1 2 3 4 5 6 7
7 
      3.626258450516      3.595516646085      1.439715358381      0.713483407551      0.317561153038      0.125300350026      0.041118584595 
 1 2 3 4 5 6 7
7 
      3.626258450516      3.595516646085      1.439715358381      0.713483407551      0.317561153038      0.125300350026      0.041118584595 
 1 2 3 4 5 6 7

&END
 &POTENTIAL
     GOEDECKER
 4                                    LMAX
       .502916694                                 RC
   2    17.247292540    -1.627697077   #C  C1 C2
       .413372860  2   1.947195829   1.596271945  -4.121556440 H(s) 11 12 22           
       .409923013  2   -.094492812    .939848370  -2.224087177 H(p) 11 12 22           
       .392870090  1  -1.353307696 H(d) 11                 
       .243916963  1 -28.104158751 H(f) 11                 
 &END
