&ATOM
  NAME  Kr
  PPOT
  ZVAL  36
  ZEFF  8
  LMAX  1
  OCCU
           1          2
         1          6
  MIXI  0.2
  CONV  1.0D-12
  ITER  200
  IPPN  100
  XCFN  PADE
&END

&BASIS
  GAUS
  9 
      3.529060713874      2.549227416393      1.699397498683      0.970520106969      0.552034003593      0.304293606361      0.165393245611      0.087968245938      0.044041253826 
 1 2 3 4 5 6 7 8 9
9 
      3.529060713874      2.549227416393      1.699397498683      0.970520106969      0.552034003593      0.304293606361      0.165393245611      0.087968245938      0.044041253826 
 1 2 3 4 5 6 7 8 9

&END
 &POTENTIAL
     GOEDECKER
 3                                    LMAX
       .500000000                                 RC
   0   #C 
       .410758931  3   5.911194295   -.761960038   -.355732336   1.967372358    .918496943  -1.458068694 H(s) 11 12 13 22 23 33  
       .430256411  2   3.524356923    .292084308   -.691197627 H(p) 11 12 22           
       .517120051  1    .629228498 H(d) 11                 
 &END
