&ATOM
  NAME  Tc
  PPOT
  ZVAL  43
  ZEFF  7
  LMAX  2
  OCCU
           1          1
         1          0
         1          6
  MIXI  0.2
  CONV  1.0D-12
  ITER  200
  IPPN  100
  XCFN  PADE
&END

&BASIS
  GAUS
  8 
      3.647213203863      3.616541430312      1.378258522362      0.691878478459      0.335415870786      0.156159680485      0.070209636176      0.029783898233 
 1 2 3 4 5 6 7 8
8 
      3.647213203863      3.616541430312      1.378258522362      0.691878478459      0.335415870786      0.156159680485      0.070209636176      0.029783898233 
 1 2 3 4 5 6 7 8
8 
      3.647213203863      3.616541430312      1.378258522362      0.691878478459      0.335415870786      0.156159680485      0.070209636176      0.029783898233 
 1 2 3 4 5 6 7 8

&END
 &POTENTIAL
     GOEDECKER
 3                                    LMAX
       .673000000                                 RC
   1    13.315380670   #C  C1
       .677611881  2    .819217674   -.134957855    .348459684 H(s) 11 12 22           
       .784275381  2    .028672662   -.278209111    .658362919 H(p) 11 12 22           
       .519889748  2  -5.984224267   -.318293788    .721822464 H(d) 11 12 22           
 &END
