&ATOM
  NAME  As
  PPOT
  ZVAL  33
  ZEFF  5
  LMAX  1
  OCCU
           1          2
         1          3
  MIXI  0.2
  CONV  1.0D-12
  ITER  200
  IPPN  100
  XCFN  PADE
&END

&BASIS
  GAUS
  9 
      2.903293646566      1.902818080122      1.297109523540      0.863013331339      0.437150096268      0.229076547607      0.118786865172      0.060448455245      0.028895702892 
 1 2 3 4 5 6 7 8 9
9 
      2.903293646566      1.902818080122      1.297109523540      0.863013331339      0.437150096268      0.229076547607      0.118786865172      0.060448455245      0.028895702892 
 1 2 3 4 5 6 7 8 9

&END
 &POTENTIAL
     GOEDECKER
 3                                    LMAX
       .520000000                                 RC
   0   #C 
       .456400247  3   4.560761059   -.655459348   -.335173907   1.692388759    .865415308  -1.373804211 H(s) 11 12 13 22 23 33  
       .550561677  2   1.812246639    .273291861   -.646726580 H(p) 11 12 22           
       .685282725  1    .312372764 H(d) 11                 
 &END
