&ATOM
  NAME  Os
  PPOT
  ZVAL  76
  ZEFF  16
  LMAX  2
  OCCU
           2        2 2
         1          6
         1          6
  MIXI  0.2
  CONV  1.0D-12
  ITER  200
  IPPN  100
  XCFN  PADE
&END

&BASIS
  GAUS
  5 
      3.622855213725      1.531021735558      0.717864601756      0.280262470279      0.081838434616 
 1 2 3 4 5
5 
      3.622855213725      1.531021735558      0.717864601756      0.280262470279      0.081838434616 
 1 2 3 4 5
5 
      3.622855213725      1.531021735558      0.717864601756      0.280262470279      0.081838434616 
 1 2 3 4 5
5 
      3.622855213725      1.531021735558      0.717864601756      0.280262470279      0.081838434616 
 1 2 3 4 5

&END
 &POTENTIAL
     GOEDECKER
 3                                    LMAX
       .520000000                                 RC
   2     5.613072993      .921954762   #C  C1 C2
       .410578296  3   2.785758259   2.591850739    .548220252  -6.692129833  -1.415498604   2.247034372 H(s) 11 12 13 22 23 33  
       .422395459  2   -.590005502   1.275474461  -3.018323468 H(p) 11 12 22           
       .380252003  2    .880132818   2.527967613  -5.732891679 H(d) 11 12 22           
 &END
