&ATOM
  NAME  Ni
  PPOT
  ZVAL  28
  ZEFF  10
  LMAX  2
  OCCU
           1          2
         1          0
         1          8
  MIXI  0.2
  CONV  1.0D-12
  ITER  200
  IPPN  100
  XCFN  PADE
&END

&BASIS
  GAUS
  9 
      5.613119093687      3.650729468015      2.337851092334      1.362408146209      0.711771164351      0.352727316796      0.168595544529      0.077831266786      0.034225791538 
 1 2 3 4 5 6 7 8 9
9 
      5.613119093687      3.650729468015      2.337851092334      1.362408146209      0.711771164351      0.352727316796      0.168595544529      0.077831266786      0.034225791538 
 1 2 3 4 5 6 7 8 9
9 
      5.613119093687      3.650729468015      2.337851092334      1.362408146209      0.711771164351      0.352727316796      0.168595544529      0.077831266786      0.034225791538 
 1 2 3 4 5 6 7 8 9

&END
 &POTENTIAL
     GOEDECKER
 3                                    LMAX
       .560000000                                 RC
   0   #C 
       .425398703  3   3.619650707  -1.196350985    .746221579   3.088964961  -1.926735832   3.058598312 H(s) 11 12 13 22 23 33  
       .584080760  2   1.742220068   -.163258729    .386340665 H(p) 11 12 22           
       .278113478  1 -11.608428226 H(d) 11                 
 &END
