&ATOM
  NAME  Ta
  PPOT
  ZVAL  73
  ZEFF  13
  LMAX  2
  OCCU
           2        2 2
         1          6
         1          3
  MIXI  0.2
  CONV  1.0D-12
  ITER  200
  IPPN  100
  XCFN  PADE
&END

&BASIS
  GAUS
  5 
      3.330293092661      1.095855469287      0.490039858130      0.197318193271      0.061549027122 
 1 2 3 4 5
5 
      3.330293092661      1.095855469287      0.490039858130      0.197318193271      0.061549027122 
 1 2 3 4 5
5 
      3.330293092661      1.095855469287      0.490039858130      0.197318193271      0.061549027122 
 1 2 3 4 5
5 
      3.330293092661      1.095855469287      0.490039858130      0.197318193271      0.061549027122 
 1 2 3 4 5

&END
 &POTENTIAL
     GOEDECKER
 3                                    LMAX
       .550000000                                 RC
   2     4.546236268      .779422337   #C  C1 C2
       .421853496  3   2.708135581   2.242828801    .231206133  -5.790959063   -.596971668    .947663144 H(s) 11 12 13 22 23 33  
       .461345160  2   -.724852772    .936097675  -2.215211411 H(p) 11 12 22           
       .410994341  2   1.348494717   2.375420182  -5.386946623 H(d) 11 12 22           
 &END
