&ATOM
  NAME  Zn
  PPOT
  ZVAL  30
  ZEFF  20
  LMAX  2
  OCCU
           2        2 2
         1          6
         1         10
  MIXI  0.2
  CONV  1.0D-12
  ITER  200
  IPPN  100
  XCFN  PADE
&END

&BASIS
  GAUS
  9 
     11.905808623134      8.526373073917      4.834227275217      2.469820460366      1.230959510549      0.589028310074      0.264635057714      0.111335251978      0.044943231231 
 1 2 3 4 5 6 7 8 9
9 
     11.905808623134      8.526373073917      4.834227275217      2.469820460366      1.230959510549      0.589028310074      0.264635057714      0.111335251978      0.044943231231 
 1 2 3 4 5 6 7 8 9
9 
     11.905808623134      8.526373073917      4.834227275217      2.469820460366      1.230959510549      0.589028310074      0.264635057714      0.111335251978      0.044943231231 
 1 2 3 4 5 6 7 8 9
9 
     11.905808623134      8.526373073917      4.834227275217      2.469820460366      1.230959510549      0.589028310074      0.264635057714      0.111335251978      0.044943231231 
 1 2 3 4 5 6 7 8 9

&END
 &POTENTIAL
     GOEDECKER
 3                                    LMAX
       .340000000                                 RC
   2     -.621648861     1.274222886   #C  C1 C2
       .238928244  2    .308443679  12.358777520 -15.955113180 H(s) 11 12 22           
       .239601391  2  -9.437442196   8.395963703  -9.934238222 H(p) 11 12 22           
       .206562463  1 -14.032174274 H(d) 11                 
 &END
