&ATOM
  NAME  Zn
  PPOT
  ZVAL  30
  ZEFF  12
  LMAX  2
  OCCU
           1          2
         1          0
         1         10
  MIXI  0.2
  CONV  1.0D-12
  ITER  200
  IPPN  100
  XCFN  PADE
&END

&BASIS
  GAUS
  7 
      6.756995874772      4.009305910089      2.051312308570      0.964991910477      0.405801056916      0.152110913555      0.056480276064 
 1 2 3 4 5 6 7
7 
      6.756995874772      4.009305910089      2.051312308570      0.964991910477      0.405801056916      0.152110913555      0.056480276064 
 1 2 3 4 5 6 7
7 
      6.756995874772      4.009305910089      2.051312308570      0.964991910477      0.405801056916      0.152110913555      0.056480276064 
 1 2 3 4 5 6 7

&END
 &POTENTIAL
     GOEDECKER
 3                                    LMAX
       .510000000                                 RC
   0   #C 
       .400866201  3   4.278709729  -1.404863501    .695223128   3.627341962  -1.795058397   2.849566865 H(s) 11 12 13 22 23 33  
       .539618061  2   2.023884004   -.182444171    .431741710 H(p) 11 12 22           
       .252150587  1 -14.338368410 H(d) 11                 
 &END
