&ATOM
  NAME  Sc
  PPOT
  ZVAL  21
  ZEFF  3
  LMAX  2
  OCCU
           1          2
         1          0
         1          1
  MIXI  0.2
  CONV  1.0D-12
  ITER  200
  IPPN  100
  XCFN  PADE
&END

&BASIS
  GAUS
  6 
      2.042809639625      1.143713951970      0.511974760586      0.207249603764      0.080842345245      0.032352151656 
 1 2 3 4 5 6
6 
      2.042809639625      1.143713951970      0.511974760586      0.207249603764      0.080842345245      0.032352151656 
 1 2 3 4 5 6
6 
      2.042809639625      1.143713951970      0.511974760586      0.207249603764      0.080842345245      0.032352151656 
 1 2 3 4 5 6

&END
 &POTENTIAL
     GOEDECKER
 3                                    LMAX
       .750000000                                 RC
   0   #C 
       .597079412  3   1.835768333   -.671695137    .346074489   1.734309387   -.893560489   1.418483301 H(s) 11 12 13 22 23 33  
       .847994382  2    .784126690   -.104263711    .246732973 H(p) 11 12 22           
       .454653177  1  -3.859240784 H(d) 11                 
 &END
