&ATOM
  NAME  Co
  PPOT
  ZVAL  27
  ZEFF  9
  LMAX  2
  OCCU
           1          2
         1          0
         1          7
  MIXI  0.2
  CONV  1.0D-12
  ITER  200
  IPPN  100
  XCFN  PADE
&END

&BASIS
  GAUS
  5 
      4.604365021358      2.067658634183      0.776788098549      0.263662359144      0.073156718733 
 1 2 3 4 5
5 
      4.604365021358      2.067658634183      0.776788098549      0.263662359144      0.073156718733 
 1 2 3 4 5
5 
      4.604365021358      2.067658634183      0.776788098549      0.263662359144      0.073156718733 
 1 2 3 4 5

&END
 &POTENTIAL
     GOEDECKER
 3                                    LMAX
       .580000000                                 RC
   0   #C 
       .440457352  3   3.334978255  -1.112766276    .754133625   2.873150171  -1.947164647   3.091028050 H(s) 11 12 13 22 23 33  
       .610048474  2   1.634004814   -.150472598    .356083158 H(p) 11 12 22           
       .291660581  1 -10.358800166 H(d) 11                 
 &END
