&ATOM
  NAME  Re
  PPOT
  ZVAL  75
  ZEFF  7
  LMAX  2
  OCCU
           1          2
         1          0
         1          5
  MIXI  0.2
  CONV  1.0D-12
  ITER  200
  IPPN  100
  XCFN  PADE
&END

&BASIS
  GAUS
  8 
      1.808919795979      1.768966428231      1.011569152940      0.553293426329      0.286832769149      0.144019600021      0.070712623749      0.032578839624 
 1 2 3 4 5 6 7 8
8 
      1.808919795979      1.768966428231      1.011569152940      0.553293426329      0.286832769149      0.144019600021      0.070712623749      0.032578839624 
 1 2 3 4 5 6 7 8
8 
      1.808919795979      1.768966428231      1.011569152940      0.553293426329      0.286832769149      0.144019600021      0.070712623749      0.032578839624 
 1 2 3 4 5 6 7 8

&END
 &POTENTIAL
     GOEDECKER
 3                                    LMAX
       .693000000                                 RC
   1     8.180816185   #C  C1
       .509816206  2   2.269379363  -1.366593536   3.528529336 H(s) 11 12 22           
       .745839055  2    .496693290   -.391234205    .925829109 H(p) 11 12 22           
       .500954199  2  -3.689629673    .835440510  -1.894600992 H(d) 11 12 22           
 &END
