&ATOM
  NAME  In
  PPOT
  ZVAL  49
  ZEFF  3
  LMAX  1
  OCCU
           1          2
         1          1
  MIXI  0.2
  CONV  1.0D-12
  ITER  200
  IPPN  100
  XCFN  PADE
&END

&BASIS
  GAUS
  8 
      1.677581583311      1.255577764612      0.717854762198      0.299239457716      0.153538608013      0.076720710006      0.037404705490      0.017086060651 
 1 2 3 4 5 6 7 8
8 
      1.677581583311      1.255577764612      0.717854762198      0.299239457716      0.153538608013      0.076720710006      0.037404705490      0.017086060651 
 1 2 3 4 5 6 7 8

&END
 &POTENTIAL
     GOEDECKER
 3                                    LMAX
       .610000000                                 RC
   1     2.865776757   #C  C1
       .770601968  3   1.256193598    .153856196   -.067905338   -.397254989    .175330829   -.278329062 H(s) 11 12 13 22 23 33  
       .858131595  2    .494458640    .160912630   -.380788783 H(p) 11 12 22           
      1.088690904  1    .129207782 H(d) 11                 
 &END
