&ATOM
  NAME  Pd
  PPOT
  ZVAL  46
  ZEFF  10
  LMAX  2
  OCCU
           1          0
         1          0
         1         10
  MIXI  0.2
  CONV  1.0D-12
  ITER  200
  IPPN  100
  XCFN  PADE
&END

&BASIS
  GAUS
  5 
      2.043210747626      1.012118219850      0.449137997259      0.184047445297      0.067733836822 
 1 2 3 4 5
5 
      2.043210747626      1.012118219850      0.449137997259      0.184047445297      0.067733836822 
 1 2 3 4 5
5 
      2.043210747626      1.012118219850      0.449137997259      0.184047445297      0.067733836822 
 1 2 3 4 5

&END
 &POTENTIAL
     GOEDECKER
 3                                    LMAX
       .596000000                                 RC
   1     5.209664760   #C  C1
       .582204218  2   2.411076076   -.898113945   2.318920236 H(s) 11 12 22           
       .688787128  2   1.227253296   -.320322138    .758020531 H(p) 11 12 22           
       .442835233  2  -4.377131236   -.182235403    .413271049 H(d) 11 12 22           
 &END
