&ATOM
  NAME  Mo
  PPOT
  ZVAL  42
  ZEFF  6
  LMAX  2
  OCCU
           1          1
         1          0
         1          5
  MIXI  0.2
  CONV  1.0D-12
  ITER  200
  IPPN  100
  XCFN  PADE
&END

&BASIS
  GAUS
  6 
      2.555958422088      1.353493213942      0.587877328483      0.248710399939      0.100365849564      0.037801465074 
 1 2 3 4 5 6
6 
      2.555958422088      1.353493213942      0.587877328483      0.248710399939      0.100365849564      0.037801465074 
 1 2 3 4 5 6
6 
      2.555958422088      1.353493213942      0.587877328483      0.248710399939      0.100365849564      0.037801465074 
 1 2 3 4 5 6

&END
 &POTENTIAL
     GOEDECKER
 3                                    LMAX
       .699000000                                 RC
   1     7.995868212   #C  C1
       .678125950  2   1.289607285   -.386567507    .998113011 H(s) 11 12 22           
       .800771402  2    .301412265   -.313389330    .741614511 H(p) 11 12 22           
       .453383930  2  -2.809707709   3.007754625  -6.820946351 H(d) 11 12 22           
 &END
