&ATOM
  NAME  Re
  PPOT
  ZVAL  75
  ZEFF  7
  LMAX  2
  OCCU
           1          2
         1          0
         1          5
  MIXI  0.2
  CONV  1.0D-12
  ITER  200
  IPPN  100
  XCFN  PADE
&END

&BASIS
  GAUS
  9 
      2.178714082844      2.087174990198      1.404550315368      0.787031400914      0.428743052072      0.227700429350      0.118779640117      0.060875246033      0.029183506221 
 1 2 3 4 5 6 7 8 9
9 
      2.178714082844      2.087174990198      1.404550315368      0.787031400914      0.428743052072      0.227700429350      0.118779640117      0.060875246033      0.029183506221 
 1 2 3 4 5 6 7 8 9
9 
      2.178714082844      2.087174990198      1.404550315368      0.787031400914      0.428743052072      0.227700429350      0.118779640117      0.060875246033      0.029183506221 
 1 2 3 4 5 6 7 8 9

&END
 &POTENTIAL
     GOEDECKER
 3                                    LMAX
       .693000000                                 RC
   1     8.180816185   #C  C1
       .509816206  2   2.269379363  -1.366593536   3.528529336 H(s) 11 12 22           
       .745839055  2    .496693290   -.391234205    .925829109 H(p) 11 12 22           
       .500954199  2  -3.689629673    .835440510  -1.894600992 H(d) 11 12 22           
 &END
