&ATOM
  NAME  Ca
  PPOT
  ZVAL  20
  ZEFF  10
  LMAX  1
  OCCU
           2        2 2
         1          6
  MIXI  0.2
  CONV  1.0D-12
  ITER  200
  IPPN  100
  XCFN  PADE
&END

&BASIS
  GAUS
  8 
      6.874284128593      4.162087510780      2.121324724489      1.036793647269      0.492319336528      0.223132157724      0.071888259159      0.028972913310 
 1 2 3 4 5 6 7 8
8 
      6.874284128593      4.162087510780      2.121324724489      1.036793647269      0.492319336528      0.223132157724      0.071888259159      0.028972913310 
 1 2 3 4 5 6 7 8
8 
      6.874284128593      4.162087510780      2.121324724489      1.036793647269      0.492319336528      0.223132157724      0.071888259159      0.028972913310 
 1 2 3 4 5 6 7 8

&END
 &POTENTIAL
     GOEDECKER
 3                                    LMAX
       .390000000                                 RC
   2    -4.928146015    -1.232854091   #C  C1 C2
       .281909478  2  12.352339560  -2.965719638   7.657455178 H(s) 11 12 22           
       .310345282  2   5.722423481   -.390288604    .923591409 H(p) 11 12 22           
       .904330113  1    .016806326 H(d) 11                 
 &END
