&ATOM
  NAME  Sm
  PPOT
  ZVAL  62
  ZEFF  16
  LMAX  3
  OCCU
           2        2 2
         1          6
         1          0
         1          6
  MIXI  0.2
  CONV  1.0D-12
  ITER  200
  IPPN  100
  XCFN  PADE
&END

&BASIS
  GAUS
  5 
      1.364988458244      1.357729057429      0.454714898234      0.159559614347      0.045181052069 
 1 2 3 4 5
5 
      1.364988458244      1.357729057429      0.454714898234      0.159559614347      0.045181052069 
 1 2 3 4 5
5 
      1.364988458244      1.357729057429      0.454714898234      0.159559614347      0.045181052069 
 1 2 3 4 5
5 
      1.364988458244      1.357729057429      0.454714898234      0.159559614347      0.045181052069 
 1 2 3 4 5
5 
      1.364988458244      1.357729057429      0.454714898234      0.159559614347      0.045181052069 
 1 2 3 4 5

&END
 &POTENTIAL
     GOEDECKER
 4                                    LMAX
       .523333371                                 RC
   2    17.206791720     -.532802916   #C  C1 C2
       .479676763  2   1.723635190   1.029968530  -2.659367310 H(s) 11 12 22           
       .490597752  2   -.082403110    .469486813  -1.111008576 H(p) 11 12 22           
       .470840256  1   -.410630338 H(d) 11                 
       .284040493  1 -19.984292010 H(f) 11                 
 &END
