&ATOM
  NAME  Nb
  PPOT
  ZVAL  41
  ZEFF  5
  LMAX  2
  OCCU
           1          1
         1          0
         1          4
  MIXI  0.2
  CONV  1.0D-12
  ITER  200
  IPPN  100
  XCFN  PADE
&END

&BASIS
  GAUS
  7 
      2.261127294619      1.164615407031      0.586526907214      0.283630767204      0.132513384411      0.060474872314      0.026316940123 
 1 2 3 4 5 6 7
7 
      2.261127294619      1.164615407031      0.586526907214      0.283630767204      0.132513384411      0.060474872314      0.026316940123 
 1 2 3 4 5 6 7
7 
      2.261127294619      1.164615407031      0.586526907214      0.283630767204      0.132513384411      0.060474872314      0.026316940123 
 1 2 3 4 5 6 7

&END
 &POTENTIAL
     GOEDECKER
 3                                    LMAX
       .724000000                                 RC
   1     4.021057536   #C  C1
       .699708282  2   1.532651347   -.553164266   1.428263993 H(s) 11 12 22           
       .846671639  2    .609675177   -.252188783    .596787585 H(p) 11 12 22           
       .516072262  2  -2.696829925    .747410003  -1.694966567 H(d) 11 12 22           
 &END
