&ATOM
  NAME  Yb
  PPOT
  ZVAL  70
  ZEFF  24
  LMAX  3
  OCCU
           2        2 2
         1          6
         1          0
         1         14
  MIXI  0.2
  CONV  1.0D-12
  ITER  200
  IPPN  100
  XCFN  PADE
&END

&BASIS
  GAUS
  7 
      3.753210674133      3.719989354399      1.519435966613      0.757029362434      0.337498888955      0.133520557258      0.043892749733 
 1 2 3 4 5 6 7
7 
      3.753210674133      3.719989354399      1.519435966613      0.757029362434      0.337498888955      0.133520557258      0.043892749733 
 1 2 3 4 5 6 7
7 
      3.753210674133      3.719989354399      1.519435966613      0.757029362434      0.337498888955      0.133520557258      0.043892749733 
 1 2 3 4 5 6 7
7 
      3.753210674133      3.719989354399      1.519435966613      0.757029362434      0.337498888955      0.133520557258      0.043892749733 
 1 2 3 4 5 6 7
7 
      3.753210674133      3.719989354399      1.519435966613      0.757029362434      0.337498888955      0.133520557258      0.043892749733 
 1 2 3 4 5 6 7

&END
 &POTENTIAL
     GOEDECKER
 4                                    LMAX
       .500000000                                 RC
   2    17.357144210    -1.773916425   #C  C1 C2
       .402309180  2   2.120770952   1.860190026  -4.802989995 H(s) 11 12 22           
       .414357740  2   -.923212157    .709312438  -1.678539590 H(p) 11 12 22           
       .444024678  1   -.889967333 H(d) 11                 
       .238298293  1 -29.932853666 H(f) 11                 
 &END
