&ATOM
  NAME  Fe
  PPOT
  ZVAL  26
  ZEFF  8
  LMAX  2
  OCCU
           1          2
         1          0
         1          6
  MIXI  0.2
  CONV  1.0D-12
  ITER  200
  IPPN  100
  XCFN  PADE
&END

&BASIS
  GAUS
  9 
      4.503436821932      2.938463087059      2.100524995263      1.221493665345      0.628156546747      0.310239658761      0.148919208485      0.069831801683      0.031116419365 
 1 2 3 4 5 6 7 8 9
9 
      4.503436821932      2.938463087059      2.100524995263      1.221493665345      0.628156546747      0.310239658761      0.148919208485      0.069831801683      0.031116419365 
 1 2 3 4 5 6 7 8 9
9 
      4.503436821932      2.938463087059      2.100524995263      1.221493665345      0.628156546747      0.310239658761      0.148919208485      0.069831801683      0.031116419365 
 1 2 3 4 5 6 7 8 9

&END
 &POTENTIAL
     GOEDECKER
 3                                    LMAX
       .610000000                                 RC
   0   #C 
       .454482005  3   3.016640462  -1.000406455    .794781641   2.583038360  -2.052117374   3.257635339 H(s) 11 12 13 22 23 33  
       .638902820  2   1.499641994   -.138129347    .326873694 H(p) 11 12 22           
       .308731771  1  -9.145353713 H(d) 11                 
 &END
