&ATOM
  NAME  Cs
  PPOT
  ZVAL  55
  ZEFF  9
  LMAX  1
  OCCU
           2        2 1
         1          6
  MIXI  0.2
  CONV  1.0D-12
  ITER  200
  IPPN  100
  XCFN  PADE
&END

&BASIS
  GAUS
  9 
      3.389355485019      3.335616521403      1.748858788239      0.871707216756      0.452129049297      0.223233900398      0.103286987281      0.034821939026      0.014950674989 
 1 2 3 4 5 6 7 8 9
9 
      3.389355485019      3.335616521403      1.748858788239      0.871707216756      0.452129049297      0.223233900398      0.103286987281      0.034821939026      0.014950674989 
 1 2 3 4 5 6 7 8 9
9 
      3.389355485019      3.335616521403      1.748858788239      0.871707216756      0.452129049297      0.223233900398      0.103286987281      0.034821939026      0.014950674989 
 1 2 3 4 5 6 7 8 9

&END
 &POTENTIAL
     GOEDECKER
 4                                    LMAX
       .540000000                                 RC
   2    35.234438100    -3.318070094   #C  C1 C2
       .456821030  2   -.282378488   1.077059490  -2.780955645 H(s) 11 12 22           
       .362466999  2  -2.696733213    .968098829  -2.290939964 H(p) 11 12 22           
       .761462052  1    .183754396 H(d) 11                 
       .333507034  1 -17.948259444 H(f) 11                 
 &END
