&ATOM
  NAME  Er
  PPOT
  ZVAL  68
  ZEFF  22
  LMAX  3
  OCCU
           2        2 2
         1          6
         1          0
         1         12
  MIXI  0.2
  CONV  1.0D-12
  ITER  200
  IPPN  100
  XCFN  PADE
&END

&BASIS
  GAUS
  4 
      2.817856304695      1.165233756476      0.433367693221      0.128015970575 
 1 2 3 4
4 
      2.817856304695      1.165233756476      0.433367693221      0.128015970575 
 1 2 3 4
4 
      2.817856304695      1.165233756476      0.433367693221      0.128015970575 
 1 2 3 4
4 
      2.817856304695      1.165233756476      0.433367693221      0.128015970575 
 1 2 3 4
4 
      2.817856304695      1.165233756476      0.433367693221      0.128015970575 
 1 2 3 4

&END
 &POTENTIAL
     GOEDECKER
 4                                    LMAX
       .505833328                                 RC
   2    17.105292810    -1.430953185   #C  C1 C2
       .419948006  2   2.144502567   1.543075277  -3.984203234 H(s) 11 12 22           
       .414455296  2    .054087356    .969593415  -2.294476800 H(p) 11 12 22           
       .418384968  1   -.999006318 H(d) 11                 
       .249125912  1 -26.696809359 H(f) 11                 
 &END
