&ATOM
  NAME  Rh
  PPOT
  ZVAL  45
  ZEFF  9
  LMAX  2
  OCCU
           1          1
         1          0
         1          8
  MIXI  0.2
  CONV  1.0D-12
  ITER  200
  IPPN  100
  XCFN  PADE
&END

&BASIS
  GAUS
  9 
      3.429030835213      2.985756397797      1.587132334676      0.837816901004      0.440568297704      0.226881843741      0.114092182891      0.055814053812      0.025323906800 
 1 2 3 4 5 6 7 8 9
9 
      3.429030835213      2.985756397797      1.587132334676      0.837816901004      0.440568297704      0.226881843741      0.114092182891      0.055814053812      0.025323906800 
 1 2 3 4 5 6 7 8 9
9 
      3.429030835213      2.985756397797      1.587132334676      0.837816901004      0.440568297704      0.226881843741      0.114092182891      0.055814053812      0.025323906800 
 1 2 3 4 5 6 7 8 9

&END
 &POTENTIAL
     GOEDECKER
 3                                    LMAX
       .621428571                                 RC
   1     5.397962331   #C  C1
       .598078815  2   2.242111315   -.833309815   2.151596690 H(s) 11 12 22           
       .709585668  2   1.155278295   -.297851947    .704846352 H(p) 11 12 22           
       .369206868  2  -1.053058191   4.817013444 -10.923959686 H(d) 11 12 22           
 &END
