&ATOM
  NAME  Pm
  PPOT
  ZVAL  61
  ZEFF  15
  LMAX  3
  OCCU
           2        2 2
         1          6
         1          0
         1          5
  MIXI  0.2
  CONV  1.0D-12
  ITER  200
  IPPN  100
  XCFN  PADE
&END

&BASIS
  GAUS
  7 
      2.489912677333      2.471861373498      0.915066856229      0.432615603268      0.181813696893      0.069640737616      0.022848876535 
 1 2 3 4 5 6 7
7 
      2.489912677333      2.471861373498      0.915066856229      0.432615603268      0.181813696893      0.069640737616      0.022848876535 
 1 2 3 4 5 6 7
7 
      2.489912677333      2.471861373498      0.915066856229      0.432615603268      0.181813696893      0.069640737616      0.022848876535 
 1 2 3 4 5 6 7
7 
      2.489912677333      2.471861373498      0.915066856229      0.432615603268      0.181813696893      0.069640737616      0.022848876535 
 1 2 3 4 5 6 7
7 
      2.489912677333      2.471861373498      0.915066856229      0.432615603268      0.181813696893      0.069640737616      0.022848876535 
 1 2 3 4 5 6 7

&END
 &POTENTIAL
     GOEDECKER
 4                                    LMAX
       .526250005                                 RC
   2    18.251722920     -.492107440   #C  C1 C2
       .489878560  2   1.308977570    .971247740  -2.507750881 H(s) 11 12 22           
       .472260165  2    .160512380    .661462207  -1.565305275 H(p) 11 12 22           
       .473709145  1   -.429952406 H(d) 11                 
       .291526525  1 -19.305056684 H(f) 11                 
 &END
