&ATOM
  NAME  Pt
  PPOT
  ZVAL  78
  ZEFF  18
  LMAX  2
  OCCU
           2        2 1
         1          6
         1          9
  MIXI  0.2
  CONV  1.0D-12
  ITER  200
  IPPN  100
  XCFN  PADE
&END

&BASIS
  GAUS
  5 
      3.853987395214      1.761533592321      0.798477924800      0.306400082109      0.090551046678 
 1 2 3 4 5
5 
      3.853987395214      1.761533592321      0.798477924800      0.306400082109      0.090551046678 
 1 2 3 4 5
5 
      3.853987395214      1.761533592321      0.798477924800      0.306400082109      0.090551046678 
 1 2 3 4 5
5 
      3.853987395214      1.761533592321      0.798477924800      0.306400082109      0.090551046678 
 1 2 3 4 5

&END
 &POTENTIAL
     GOEDECKER
 3                                    LMAX
       .500000000                                 RC
   2     5.445831587     1.156382041   #C  C1 C2
       .409941503  3   2.994365654   2.884896999   1.035209252  -7.448772022  -2.672898794   4.243095294 H(s) 11 12 13 22 23 33  
       .398651988  2   -.225181400   1.596062932  -3.776974257 H(p) 11 12 22           
       .367963965  2    .632066550   2.537906671  -5.755431344 H(d) 11 12 22           
 &END
