&ATOM
  NAME  V
  PPOT
  ZVAL  23
  ZEFF  5
  LMAX  2
  OCCU
           1          2
         1          0
         1          3
  MIXI  0.2
  CONV  1.0D-12
  ITER  200
  IPPN  100
  XCFN  PADE
&END

&BASIS
  GAUS
  8 
      3.423709271850      2.829819447726      1.590248016052      0.777041716373      0.361416881377      0.162709849003      0.071990074461      0.030811996609 
 1 2 3 4 5 6 7 8
8 
      3.423709271850      2.829819447726      1.590248016052      0.777041716373      0.361416881377      0.162709849003      0.071990074461      0.030811996609 
 1 2 3 4 5 6 7 8
8 
      3.423709271850      2.829819447726      1.590248016052      0.777041716373      0.361416881377      0.162709849003      0.071990074461      0.030811996609 
 1 2 3 4 5 6 7 8

&END
 &POTENTIAL
     GOEDECKER
 3                                    LMAX
       .690000000                                 RC
   0   #C 
       .514704205  3   2.208669779   -.734613179    .750559191   1.896763073  -1.937935497   3.076377230 H(s) 11 12 13 22 23 33  
       .743503807  2   1.115751210   -.121131256    .286648869 H(p) 11 12 22           
       .374889585  1  -5.841633173 H(d) 11                 
 &END
