&ATOM
  NAME  Nb
  PPOT
  ZVAL  41
  ZEFF  5
  LMAX  2
  OCCU
           1          1
         1          0
         1          4
  MIXI  0.2
  CONV  1.0D-12
  ITER  200
  IPPN  100
  XCFN  PADE
&END

&BASIS
  GAUS
  9 
      1.791567914449      1.734897157515      1.076580865587      0.607642036075      0.326790086826      0.170497429577      0.087385842024      0.043991524797      0.020762029486 
 1 2 3 4 5 6 7 8 9
9 
      1.791567914449      1.734897157515      1.076580865587      0.607642036075      0.326790086826      0.170497429577      0.087385842024      0.043991524797      0.020762029486 
 1 2 3 4 5 6 7 8 9
9 
      1.791567914449      1.734897157515      1.076580865587      0.607642036075      0.326790086826      0.170497429577      0.087385842024      0.043991524797      0.020762029486 
 1 2 3 4 5 6 7 8 9

&END
 &POTENTIAL
     GOEDECKER
 3                                    LMAX
       .724000000                                 RC
   1     4.021057536   #C  C1
       .699708282  2   1.532651347   -.553164266   1.428263993 H(s) 11 12 22           
       .846671639  2    .609675177   -.252188783    .596787585 H(p) 11 12 22           
       .516072262  2  -2.696829925    .747410003  -1.694966567 H(d) 11 12 22           
 &END
