&ATOM
  NAME  Zr
  PPOT
  ZVAL  40
  ZEFF  4
  LMAX  2
  OCCU
           1          2
         1          0
         1          2
  MIXI  0.2
  CONV  1.0D-12
  ITER  200
  IPPN  100
  XCFN  PADE
&END

&BASIS
  GAUS
  9 
      1.216247117493      1.139666738925      0.852749901390      0.463982898399      0.251172743631      0.134590877245      0.072095999321      0.038318666881      0.019184548687 
 1 2 3 4 5 6 7 8 9
9 
      1.216247117493      1.139666738925      0.852749901390      0.463982898399      0.251172743631      0.134590877245      0.072095999321      0.038318666881      0.019184548687 
 1 2 3 4 5 6 7 8 9
9 
      1.216247117493      1.139666738925      0.852749901390      0.463982898399      0.251172743631      0.134590877245      0.072095999321      0.038318666881      0.019184548687 
 1 2 3 4 5 6 7 8 9

&END
 &POTENTIAL
     GOEDECKER
 3                                    LMAX
       .750000000                                 RC
   1     -.782610982   #C  C1
       .649998205  3   1.739877467   -.924949160    .294074985   2.388208463   -.759298347   1.205348758 H(s) 11 12 13 22 23 33  
       .874407691  2   1.018293807   -.223215094    .528223322 H(p) 11 12 22           
       .630667610  2  -1.173910575   -.093561971    .212178606 H(d) 11 12 22           
 &END
