&ATOM
  NAME  Sr
  PPOT
  ZVAL  38
  ZEFF  10
  LMAX  1
  OCCU
           2        2 2
         1          6
  MIXI  0.2
  CONV  1.0D-12
  ITER  200
  IPPN  100
  XCFN  PADE
&END

&BASIS
  GAUS
  7 
      6.835573369175      2.688296062541      1.267903989821      0.569300748256      0.239263859771      0.071042698144      0.029107913858 
 1 2 3 4 5 6 7
7 
      6.835573369175      2.688296062541      1.267903989821      0.569300748256      0.239263859771      0.071042698144      0.029107913858 
 1 2 3 4 5 6 7
7 
      6.835573369175      2.688296062541      1.267903989821      0.569300748256      0.239263859771      0.071042698144      0.029107913858 
 1 2 3 4 5 6 7

&END
 &POTENTIAL
     GOEDECKER
 3                                    LMAX
       .480000000                                 RC
   2     5.571455089    -1.079963043   #C  C1 C2
       .275440562  2   9.995135310  -3.616080195   9.336678915 H(s) 11 12 22           
       .302243130  2   3.169125721  -1.711112589   4.049231436 H(p) 11 12 22           
       .502045443  1    .438728209 H(d) 11                 
 &END
