&ATOM
  NAME  Re
  PPOT
  ZVAL  75
  ZEFF  15
  LMAX  2
  OCCU
           2        2 2
         1          6
         1          5
  MIXI  0.2
  CONV  1.0D-12
  ITER  200
  IPPN  100
  XCFN  PADE
&END

&BASIS
  GAUS
  8 
      3.506747474972      2.278637958051      1.494700988914      0.783283857177      0.396500163777      0.192466314990      0.089365265526      0.038762782922 
 1 2 3 4 5 6 7 8
8 
      3.506747474972      2.278637958051      1.494700988914      0.783283857177      0.396500163777      0.192466314990      0.089365265526      0.038762782922 
 1 2 3 4 5 6 7 8
8 
      3.506747474972      2.278637958051      1.494700988914      0.783283857177      0.396500163777      0.192466314990      0.089365265526      0.038762782922 
 1 2 3 4 5 6 7 8
8 
      3.506747474972      2.278637958051      1.494700988914      0.783283857177      0.396500163777      0.192466314990      0.089365265526      0.038762782922 
 1 2 3 4 5 6 7 8

&END
 &POTENTIAL
     GOEDECKER
 3                                    LMAX
       .530000000                                 RC
   2     5.592660284      .943956799   #C  C1 C2
       .403251994  3   2.760720429   2.477320786    .211948803  -6.396414764   -.547249457    .868731581 H(s) 11 12 13 22 23 33  
       .440950691  2   -.900546313   1.061180487  -2.511211371 H(p) 11 12 22           
       .390395435  2    .875251421   2.501356280  -5.672542849 H(d) 11 12 22           
 &END
