&ATOM
  NAME  K
  PPOT
  ZVAL  19
  ZEFF  9
  LMAX  1
  OCCU
           2        2 1
         1          6
  MIXI  0.2
  CONV  1.0D-12
  ITER  200
  IPPN  100
  XCFN  PADE
&END

&BASIS
  GAUS
  8 
      6.356759221730      3.684743720934      1.811076611275      0.862251927211      0.393036759607      0.167955163354      0.046366558615      0.018756521447 
 1 2 3 4 5 6 7 8
8 
      6.356759221730      3.684743720934      1.811076611275      0.862251927211      0.393036759607      0.167955163354      0.046366558615      0.018756521447 
 1 2 3 4 5 6 7 8
8 
      6.356759221730      3.684743720934      1.811076611275      0.862251927211      0.393036759607      0.167955163354      0.046366558615      0.018756521447 
 1 2 3 4 5 6 7 8

&END
 &POTENTIAL
     GOEDECKER
 2                                    LMAX
       .400000000                                 RC
   2    -4.989347506     -.756048207   #C  C1 C2
       .294825503  2  11.238704660  -2.737338926   7.067778714 H(s) 11 12 22           
       .322358653  2   5.256702388   -.396777483    .938946898 H(p) 11 12 22           
 &END
