&ATOM
  NAME  At
  PPOT
  ZVAL  85
  ZEFF  7
  LMAX  1
  OCCU
           1          2
         1          5
  MIXI  0.2
  CONV  1.0D-12
  ITER  200
  IPPN  100
  XCFN  PADE
&END

&BASIS
  GAUS
  8 
      2.726218985014      2.701386195381      1.213145516762      0.400157874164      0.220974191925      0.125984458540      0.070325623176      0.035231625214 
 1 2 3 4 5 6 7 8
8 
      2.726218985014      2.701386195381      1.213145516762      0.400157874164      0.220974191925      0.125984458540      0.070325623176      0.035231625214 
 1 2 3 4 5 6 7 8

&END
 &POTENTIAL
     GOEDECKER
 3                                    LMAX
       .580000000                                 RC
   1    13.520411160   #C  C1
       .627826940  3    .945556521    .374092566   -.046459813   -.965902852    .119958720   -.190428565 H(s) 11 12 13 22 23 33  
       .709823196  2    .527078052    .134726348   -.318820729 H(p) 11 12 22           
       .838364990  1    .468947870 H(d) 11                 
 &END
