&ATOM
  NAME  Tb
  PPOT
  ZVAL  65
  ZEFF  19
  LMAX  3
  OCCU
           2        2 2
         1          6
         1          0
         1          9
  MIXI  0.2
  CONV  1.0D-12
  ITER  200
  IPPN  100
  XCFN  PADE
&END

&BASIS
  GAUS
  7 
      2.994884568676      2.968651711128      1.225162893263      0.598296263156      0.262683460643      0.102925255802      0.033713682499 
 1 2 3 4 5 6 7
7 
      2.994884568676      2.968651711128      1.225162893263      0.598296263156      0.262683460643      0.102925255802      0.033713682499 
 1 2 3 4 5 6 7
7 
      2.994884568676      2.968651711128      1.225162893263      0.598296263156      0.262683460643      0.102925255802      0.033713682499 
 1 2 3 4 5 6 7
7 
      2.994884568676      2.968651711128      1.225162893263      0.598296263156      0.262683460643      0.102925255802      0.033713682499 
 1 2 3 4 5 6 7
7 
      2.994884568676      2.968651711128      1.225162893263      0.598296263156      0.262683460643      0.102925255802      0.033713682499 
 1 2 3 4 5 6 7

&END
 &POTENTIAL
     GOEDECKER
 4                                    LMAX
       .514583349                                 RC
   2    17.603616230     -.828080035   #C  C1 C2
       .448694395  2   1.718480876   1.330462455  -3.435239288 H(s) 11 12 22           
       .424220133  2    .562399778   1.175536339  -2.781826707 H(p) 11 12 22           
       .482808659  1   -.625802193 H(d) 11                 
       .268259948  1 -22.911697091 H(f) 11                 
 &END
