&ATOM
  NAME  W
  PPOT
  ZVAL  74
  ZEFF  6
  LMAX  2
  OCCU
           1          2
         1          0
         1          4
  MIXI  0.2
  CONV  1.0D-12
  ITER  200
  IPPN  100
  XCFN  PADE
&END

&BASIS
  GAUS
  9 
      2.228675454843      1.464046688166      1.102963414545      0.634174267645      0.349699883814      0.188468699839      0.100320588862      0.052542008478      0.025863852075 
 1 2 3 4 5 6 7 8 9
9 
      2.228675454843      1.464046688166      1.102963414545      0.634174267645      0.349699883814      0.188468699839      0.100320588862      0.052542008478      0.025863852075 
 1 2 3 4 5 6 7 8 9
9 
      2.228675454843      1.464046688166      1.102963414545      0.634174267645      0.349699883814      0.188468699839      0.100320588862      0.052542008478      0.025863852075 
 1 2 3 4 5 6 7 8 9

&END
 &POTENTIAL
     GOEDECKER
 3                                    LMAX
       .719000000                                 RC
   1     4.058449910   #C  C1
       .582462894  2   2.161165564  -1.061778350   2.741499911 H(s) 11 12 22           
       .742307411  2    .600973386   -.549326109   1.299942836 H(p) 11 12 22           
       .534958867  2  -2.517063471    .347976536   -.789136608 H(d) 11 12 22           
 &END
