&ATOM
  NAME  Bi
  PPOT
  ZVAL  83
  ZEFF  5
  LMAX  1
  OCCU
           1          2
         1          3
  MIXI  0.2
  CONV  1.0D-12
  ITER  200
  IPPN  100
  XCFN  PADE
&END

&BASIS
  GAUS
  9 
      2.224187319771      2.190661882104      1.006822185588      0.498927742834      0.379299103390      0.189992656578      0.099024026559      0.051106582115      0.024799565066 
 1 2 3 4 5 6 7 8 9
9 
      2.224187319771      2.190661882104      1.006822185588      0.498927742834      0.379299103390      0.189992656578      0.099024026559      0.051106582115      0.024799565066 
 1 2 3 4 5 6 7 8 9

&END
 &POTENTIAL
     GOEDECKER
 3                                    LMAX
       .605000000                                 RC
   1     6.679437144   #C  C1
       .678857952  3   1.377633784    .198953959   -.114919098   -.513696914    .296719835   -.471028135 H(s) 11 12 13 22 23 33  
       .798672674  2    .655578088    .170269928   -.402932190 H(p) 11 12 22           
       .934682554  1    .378475786 H(d) 11                 
 &END
