#
# This directory contains inputs (basis-X-Y-Z) for the optbas program containing
# optimised exponents for the atom and the corresponding PADE pseudopotential
# for each atom 3-9 exponents have been optimised. Even though some care has been
# exercized to find the global minimum, this is not guaranteed
# (but it is relatively likely for the more useful combinations atoms & number of gaussians).
#
# The corresponding output of optbas (in SCF mode, i.e. not optimizing the exponents any further)
# is out-X-Y-Z
#
# The table below lists the error in the atomic energy relative to the 9 electron calculation
#
    pseudo         3          4          5          6          7          8          9
     Ag-q1  0.002335   0.000032   0.000021   0.000000   0.000000   0.000000   0.000000  
    Ag-q11  0.072405   0.006165   0.000679   0.000119   0.000015   0.000005   0.000000  
     Al-q3  0.002039   0.002030   0.000148   0.000014   0.000008   0.000001   0.000000  
     Ar-q8  0.038314   0.005851   0.000659   0.000053   0.000004   0.000000   0.000000  
     As-q5  0.011848   0.003297   0.000289   0.000015   0.000001   0.000000   0.000000  
     At-q7  0.010981   0.001642   0.000037   0.000010   0.000001   0.000000   0.000000  
     Au-q1  0.000451   0.000049   0.000016   0.000003   0.000000   0.000000   0.000000  
    Au-q11  0.025149   0.003460   0.001300   0.000106   0.000006   0.000000   0.000000  
    Ba-q10  0.142562   0.032517   0.005168   0.001211   0.000232   0.000051   0.000000  
     Ba-q2  0.000676   0.000004   0.000002   0.000000   0.000000   0.000000   0.000000  !
     Be-q2  0.000128   0.000040   0.000001   0.000000   0.000000   0.000000   0.000000  
     Be-q4  0.047594   0.011825   0.001755   0.000256   0.000081   0.000008   0.000000  
     Bi-q5  0.004506   0.001130   0.000025   0.000004   0.000002   0.000001   0.000000  
      B-q3  0.008990   0.001188   0.000135   0.000017   0.000004   0.000000   0.000000  
     Br-q7  0.029241   0.005393   0.000329   0.000024   0.000002   0.000000   0.000000  
    Ca-q10  0.401742   0.037525   0.009173   0.001967   0.000205   0.000018   0.000000  
     Ca-q2  0.000871   0.000009   0.000004   0.000000   0.000000   0.000000   0.000000  
    Cd-q12  0.095677   0.008040   0.000926   0.000140   0.000013   0.000005   0.000000  
     Cd-q2  0.000128   0.000072   0.000002   0.000000   0.000000   0.000000   0.000000  
    Ce-q12  0.197832   0.088513   0.025137   0.005640   0.001744   0.000275   0.000000  
     Cl-q7  0.027270   0.004370   0.000541   0.000043   0.000003   0.000000   0.000000  
    Co-q17  1.315376   0.144461   0.016302   0.002638   0.000512   0.000076   0.000000  
     Co-q9  0.240361   0.026894   0.002148   0.000250   0.000108   0.000007   0.000000  
      C-q4  0.019725   0.002533   0.000299   0.000039   0.000010   0.000001   0.000000  
    Cr-q14  1.008159   0.181944   0.031290   0.003449   0.000392   0.000037   0.000000  
     Cr-q6  0.092855   0.010574   0.000922   0.000070   0.000015   0.000004   0.000000  
     Cs-q1  0.000280   0.000001   0.000001   0.000000   0.000000   0.000000   0.000000  
     Cs-q9  0.132222   0.027067   0.003522   0.000572   0.000243   0.000055   0.000000  
     Cu-q1  0.000064   0.000001   0.000001   0.000000   0.000000   0.000000   0.000000  
    Cu-q11  0.332755   0.035177   0.003512   0.000395   0.000083   0.000008   0.000000  
    Dy-q20  0.422366   0.074404   0.013563   0.004589   0.000903   0.000131   0.000000  
    Er-q22  0.491394   0.076591   0.013785   0.004150   0.000930   0.000137   0.000000  
    Eu-q17  0.333216   0.083611   0.017830   0.006165   0.001099   0.000174   0.000000  
    Fe-q16  1.263288   0.155833   0.022077   0.003654   0.000563   0.000067   0.000000  
     Fe-q8  0.182174   0.022099   0.001678   0.000168   0.000077   0.000006   0.000000  
      F-q7  0.094632   0.012041   0.001506   0.000195   0.000060   0.000006   0.000000  
    Ga-q13  0.542578   0.068895   0.010530   0.001566   0.000284   0.000049   0.000000  
     Ga-q3  0.002337   0.000161   0.000018   0.000005   0.000000   0.000000   0.000000  
    Gd-q18  0.350892   0.072188   0.013846   0.005684   0.000902   0.000135   0.000000  
     Ge-q4  0.007369   0.002060   0.000212   0.000011   0.000001   0.000000   0.000000  
     He-q2  0.007692   0.000704   0.000068   0.000007   0.000001   0.000000   0.000000  
    Hf-q12  0.232733   0.015507   0.001687   0.000638   0.000065   0.000008   0.000000  
    Hg-q12  0.042701   0.008875   0.001837   0.000133   0.000007   0.000000   0.000000  
     Hg-q2  0.000203   0.000106   0.000006   0.000001   0.000000   0.000000   0.000000  
    Ho-q21  0.458656   0.077662   0.014600   0.004748   0.000962   0.000144   0.000000  
      H-q1  0.002170   0.000277   0.000032   0.000004   0.000000   0.000000   0.000000  
    In-q13  0.126413   0.017460   0.002937   0.000365   0.000047   0.000006   0.000000  
     In-q3  0.001557   0.000241   0.000052   0.000006   0.000001   0.000000   0.000000  
      I-q7  0.019694   0.004155   0.000348   0.000044   0.000011   0.000001   0.000000  
    Ir-q17  0.474655   0.038821   0.007055   0.000780   0.000066   0.000009   0.000000  
     Ir-q9  0.033662   0.004481   0.000916   0.000084   0.000005   0.000003   0.000000  
      K-q1  0.000142   0.000003   0.000003   0.000000   0.000000   0.000000   0.000000  
      K-q9  0.349085   0.035435   0.007858   0.001054   0.000280   0.000017   0.000000  
     Kr-q8  0.039218   0.006292   0.000357   0.000027   0.000002   0.000000   0.000000  
    La-q11  0.178494   0.040831   0.009006   0.001477   0.000204   0.000037   0.000000  
     Li-q1  0.001274   0.000014   0.000000   0.000000   0.000000   0.000000   0.000000  
     Li-q3  0.031106   0.002837   0.001129   0.000110   0.000028   0.000002   0.000000  
    Lu-q25  0.683372   0.092569   0.014210   0.002916   0.001094   0.000150   0.000000  
    Mg-q10  1.481205   0.139216   0.021627   0.008460   0.002510   0.000213   0.000000  
     Mg-q2  0.000048   0.000035   0.000004   0.000000   0.000000   0.000000   0.000000  
    Mn-q15  1.111727   0.146759   0.024799   0.004065   0.000599   0.000068   0.000000  
     Mn-q7  0.132320   0.017190   0.001281   0.000109   0.000044   0.000004   0.000000  
    Mo-q14  0.425067   0.050181   0.007294   0.001595   0.000156   0.000030   0.000000  
     Mo-q6  0.226224   0.012059   0.000715   0.000049   0.000012   0.000002   0.000000  
     Na-q1  0.000013   0.000005   0.000002   0.000000   0.000000   0.000000   0.000000  
     Na-q9  1.145082   0.113132   0.011316   0.002129   0.000619   0.000063   0.000000  
    Nb-q13  0.313515   0.030823   0.002519   0.000315   0.000106   0.000011   0.000000  
     Nb-q5  0.011057   0.001025   0.000511   0.000028   0.000001   0.000000   0.000000  
    Nd-q14  0.242527   0.090193   0.021616   0.006257   0.001368   0.000230   0.000000  
     Ne-q8  0.143597   0.018824   0.002420   0.000302   0.000099   0.000011   0.000000  
    Ni-q10  0.301524   0.032188   0.002683   0.000330   0.000123   0.000008   0.000000  
    Ni-q18  1.562905   0.181012   0.020785   0.003096   0.000505   0.000083   0.000000  
      N-q5  0.036577   0.004690   0.000571   0.000074   0.000023   0.000002   0.000000  
      O-q6  0.061298   0.007862   0.000976   0.000126   0.000041   0.000004   0.000000  
    Os-q16  0.415187   0.036981   0.007507   0.000722   0.000057   0.000007   0.000000  
     Os-q8  0.031007   0.004359   0.000728   0.000065   0.000004   0.000002   0.000000  
     Pb-q4  0.001794   0.000278   0.000045   0.000013   0.000001   0.000000   0.000000  
    Pd-q10  0.015729   0.001081   0.000071   0.000013   0.000004   0.000000   0.000000  
    Pd-q18  0.233341   0.021030   0.003181   0.000812   0.000123   0.000033   0.000000  
    Pm-q15  0.263269   0.080427   0.017835   0.005961   0.001119   0.000183   0.000000  
     Po-q6  0.007743   0.001366   0.000027   0.000005   0.000004   0.000001   0.000000  
      P-q5  0.009927   0.001329   0.000306   0.000022   0.000001   0.000000   0.000000  
    Pr-q13  0.230477   0.101410   0.027649   0.006441   0.001741   0.000285   0.000000  
    Pt-q10  0.021966   0.004532   0.001124   0.000088   0.000005   0.000000   0.000000  
    Pt-q18  0.420221   0.039999   0.007911   0.000796   0.000084   0.000022   0.000000  
     Rb-q1  0.000393   0.000006   0.000003   0.000000   0.000000   0.000000   0.000000  
     Rb-q9  0.217911   0.037343   0.011153   0.000909   0.000198   0.000015   0.000000  
    Re-q15  0.355710   0.030395   0.006124   0.000656   0.000049   0.000003   0.000000  
     Re-q7  0.029387   0.004741   0.000602   0.000047   0.000003   0.000000   0.000000  
    Rh-q17  0.555957   0.056594   0.005606   0.001445   0.000215   0.000041   0.000000  
     Rh-q9  0.376960   0.029482   0.002061   0.000194   0.000042   0.000003   0.000000  
     Rn-q8  0.012916   0.001915   0.000049   0.000013   0.000001   0.000000   0.000000  
    Ru-q16  0.488398   0.049858   0.004567   0.000892   0.000177   0.000016   0.000000  
     Ru-q8  0.022271   0.002815   0.001102   0.000064   0.000007   0.000002   0.000000  
     Sb-q5  0.010212   0.002142   0.000136   0.000015   0.000003   0.000000   0.000000  
    Sc-q11  0.856805   0.152975   0.017129   0.002124   0.000372   0.000134   0.000000  
     Sc-q3  0.014615   0.003206   0.000433   0.000019   0.000001   0.000000   0.000000  
     Se-q6  0.023642   0.005580   0.000370   0.000027   0.000002   0.000000   0.000000  
     Si-q4  0.004841   0.000384   0.000089   0.000013   0.000001   0.000001   0.000000  
    Sm-q16  0.277306   0.066899   0.012908   0.005331   0.000855   0.000128   0.000000  
     Sn-q4  0.004916   0.001461   0.000093   0.000010   0.000001   0.000000   0.000000  
      S-q6  0.017537   0.002800   0.000428   0.000032   0.000002   0.000000   0.000000  
    Sr-q10  0.238029   0.036379   0.010213   0.001460   0.000129   0.000015   0.000000  
     Sr-q2  0.001030   0.000007   0.000005   0.000000   0.000000   0.000000   0.000000  
    Ta-q13  0.265905   0.019721   0.003009   0.000569   0.000046   0.000003   0.000000  
     Ta-q5  0.022535   0.003057   0.000374   0.000031   0.000002   0.000000   0.000000  !
    Tb-q19  0.407201   0.088497   0.018557   0.006475   0.001112   0.000172   0.000000  
    Tc-q15  0.468472   0.052198   0.006751   0.001650   0.000167   0.000028   0.000000  
     Tc-q7  0.018705   0.000978   0.000877   0.000047   0.000003   0.000002   0.000000  
     Te-q6  0.015953   0.002924   0.000193   0.000023   0.000008   0.000001   0.000000  
    Ti-q12  0.973674   0.175301   0.022828   0.002446   0.000335   0.000104   0.000000  
     Ti-q4  0.034453   0.009680   0.000821   0.000042   0.000002   0.000000   0.000000  
    Tl-q13  0.082527   0.016475   0.006497   0.000693   0.000077   0.000009   0.000000  
     Tl-q3  0.001100   0.000066   0.000054   0.000027   0.000004   0.000000   0.000000  
    Tm-q23  0.523515   0.074889   0.013100   0.003654   0.000910   0.000137   0.000000  
     V-q13  1.063557   0.182937   0.025008   0.002622   0.000301   0.000049   0.000000  
      V-q5  0.060137   0.011532   0.000868   0.000048   0.000009   0.000002   0.000000  
     W-q14  0.309884   0.025219   0.004808   0.000601   0.000044   0.000003   0.000000  
      W-q6  0.023927   0.002039   0.000236   0.000035   0.000002   0.000000   0.000000  
     Xe-q8  0.026477   0.004592   0.000295   0.000039   0.000010   0.000001   0.000000  
    Yb-q24  0.593416   0.078695   0.011914   0.002817   0.000888   0.000121   0.000000  
     Y-q11  0.288643   0.052937   0.020497   0.002303   0.000210   0.000033   0.000000  
      Y-q3  0.009831   0.000520   0.000024   0.000001   0.000000   0.000000   0.000000  
    Zn-q12  0.463005   0.046702   0.004258   0.000565   0.000150   0.000011   0.000000  
     Zn-q2  0.000638   0.000186   0.000002   0.000000   0.000000   0.000000   0.000000  
    Zn-q20  1.709947   0.181398   0.017906   0.002536   0.000575   0.000105   0.000000  
    Zr-q12  0.349559   0.061201   0.026707   0.002584   0.000221   0.000024   0.000000  
     Zr-q4  0.012799   0.000609   0.000113   0.000020   0.000001   0.000000   0.000000  
