   20             3.50000 ng, rij 
     2.900     5.800                                       rcov,rprb 
 r                           (non)relativistic calculation
 PADE                        XC-functional
 72.000 12.000     .5600000000     .5134800557E+01     .5291906231E+00     .0000000000E+00     .0000000000E+00  znuc,zion,rloc,gpot()
   2                                                       lpx, (Projectors for l=0..lpx)
     .4228103502     .2564442094E+01     .2329108522E+01    -.6013732344E+01     .2707536289E+00    -.6990828637E+00     .1109759642E+01  r_l(),hsep(), so=+0.5
     .4726812998    -.7215227625E+00     .8613671604E+00    -.2038366737E+01    -.1798939443E-01     .4257067707E-01    -.6051041268E-01  r_l(),hsep(), so=+0.5
    -.1632779162E+01     .6511540395E+00    -.1540911700E+01     .3597878885E-01    -.8514135414E-01     .1210208254E+00         hsep(), so=-0.5
     .4263875172     .1681481872E+01     .2382960841E+01    -.5404047230E+01     .0000000000E+00     .0000000000E+00     .0000000000E+00  r_l(),hsep(), so=+0.5
     .1126185351E+01     .2249259180E+01    -.5100840363E+01     .0000000000E+00     .0000000000E+00     .0000000000E+00         hsep(), so=-0.5
 ---------------------------------------------
 Additional information (last calculation):
 gaussian exponents:
 xp(): 13.8106793200497595 9.76562500000000178 6.90533966002488064 4.88281250000000178 3.45266983001244032 2.44140625000000133 1.72633491500622083 1.22070312500000133 0.863167457503110414 0.610351562500000666 0.431583728751555373 0.305175781250000389 0.215791864375777714 0.152587890625000222 0.107895932187888885 0.762939453125001249E-01 0.539479660939444633E-01 0.381469726562500763E-01 0.269739830469722316E-01 0.190734863281250382E-01
 orbital coefficients 
 l,ispin: 0 1
 psi n=1,noccmax(l):
     .6834005182E-02    -.1802071637E-03     .2921851312E-01     .3920300955E+00     .0000000000E+00     .0000000000E+00     .0000000000E+00    -.8147303335E-02
    -.3830089209E-01     .3499913602E-02    -.1660439471E+00    -.2209991899E+01     .0000000000E+00     .0000000000E+00     .0000000000E+00     .2611264500E-01
     .1282896490E+00    -.1573002726E-01     .4944934897E+00     .6547475367E+01     .0000000000E+00     .0000000000E+00     .0000000000E+00    -.5992356382E-01
    -.3020922241E+00     .4154690626E-01    -.1045799665E+01    -.1379778645E+02     .0000000000E+00     .0000000000E+00     .0000000000E+00     .1009414182E+00
     .6884310156E+00    -.9915540846E-01     .1794663603E+01     .2352119708E+02     .0000000000E+00     .0000000000E+00     .0000000000E+00    -.1925910575E+00
    -.2834292357E+01     .4825027542E+00    -.2804737426E+01    -.3474247500E+02     .0000000000E+00     .0000000000E+00     .0000000000E+00     .3137535735E+00
    -.1238029562E+01     .4710428770E+00     .3276831639E+01     .4722571871E+02     .0000000000E+00     .0000000000E+00     .0000000000E+00    -.1127695835E+01
     .1403869214E+01     .2658864171E-01    -.4434121530E+01    -.5919733749E+02     .0000000000E+00     .0000000000E+00     .0000000000E+00     .3188765257E+00
     .3990668252E+00    -.3896917764E+00     .5472516687E+01     .7088810723E+02     .0000000000E+00     .0000000000E+00     .0000000000E+00     .9228773980E+00
     .1162842273E+01    -.5046602366E+00    -.5854959644E+01    -.8239660819E+02     .0000000000E+00     .0000000000E+00     .0000000000E+00     .5679202452E+00
     .2840145644E+00    -.3178708240E+00     .6980711352E+01     .9208481369E+02     .0000000000E+00     .0000000000E+00     .0000000000E+00     .4119005900E+00
     .3774701786E+00    -.2548258352E+00    -.7285486322E+01    -.1007959667E+03     .0000000000E+00     .0000000000E+00     .0000000000E+00     .1741832279E+00
    -.3049119841E-01    -.6545105587E-01     .7878196916E+01     .1066886516E+03     .0000000000E+00     .0000000000E+00     .0000000000E+00     .8504520738E-01
     .7347232523E-01     .1626735063E-01    -.7989260386E+01    -.1093133166E+03     .0000000000E+00     .0000000000E+00     .0000000000E+00     .1794125685E-01
    -.3561475665E-01     .1045963257E+00     .7728166892E+01     .1071063345E+03     .0000000000E+00     .0000000000E+00     .0000000000E+00     .7148964761E-02
     .2013898533E-01     .1286073814E+00    -.7232304446E+01    -.9854345359E+02     .0000000000E+00     .0000000000E+00     .0000000000E+00    -.6521521671E-03
    -.9889678462E-02     .1234997960E+00     .5873601801E+01     .8359882188E+02     .0000000000E+00     .0000000000E+00     .0000000000E+00     .5494717064E-03
     .4154546928E-02     .7504484516E-01    -.4601176994E+01    -.6223067360E+02     .0000000000E+00     .0000000000E+00     .0000000000E+00    -.1939069757E-03
    -.1384946930E-02     .3182366122E-01     .2815508481E+01     .3886006894E+02     .0000000000E+00     .0000000000E+00     .0000000000E+00     .5834177782E-04
     .3216574218E-03     .7822909582E-02    -.1447043733E+01    -.1781358087E+02     .0000000000E+00     .0000000000E+00     .0000000000E+00    -.1233663895E-04
    -.3843441645E-04     .5311015839E-03     .5848577021E+00     .4068549313E+01     .0000000000E+00     .0000000000E+00     .0000000000E+00     .1358394945E-05
 l,ispin: 1 1
 psi n=1,noccmax(l):
    -.8147303335E-02     .2502738828E-02     .1449230890E+00     .1007089310E+01     .0000000000E+00     .0000000000E+00     .0000000000E+00     .3136904523E-01
     .2611264500E-01    -.8130475947E-02    -.6409066874E+00    -.4440137799E+01     .0000000000E+00     .0000000000E+00     .0000000000E+00    -.1141035879E+00
    -.5992356382E-01     .1850668134E-01     .1506467281E+01     .1043588574E+02     .0000000000E+00     .0000000000E+00     .0000000000E+00     .2357941838E+00
     .1009414182E+00    -.3008838548E-01    -.2551055135E+01    -.1767078829E+02     .0000000000E+00     .0000000000E+00     .0000000000E+00    -.3704286836E+00
    -.1925910575E+00     .5434023077E-01     .3525891636E+01     .2449414085E+02     .0000000000E+00     .0000000000E+00     .0000000000E+00     .5431888442E+00
     .3137535735E+00    -.8210608465E-01    -.4276262140E+01    -.2979953141E+02     .0000000000E+00     .0000000000E+00     .0000000000E+00    -.1131673680E+01
    -.1127695835E+01     .2229703764E+00     .4684492303E+01     .3327686280E+02     .0000000000E+00     .0000000000E+00     .0000000000E+00    -.9473199286E+00
     .3188765257E+00    -.3647549971E-01    -.5027584141E+01    -.3478304414E+02     .0000000000E+00     .0000000000E+00     .0000000000E+00     .6964804145E+00
     .9228773980E+00    -.2627059492E+00     .5229514696E+01     .3477069811E+02     .0000000000E+00     .0000000000E+00     .0000000000E+00     .1918606799E+00
     .5679202452E+00    -.1947919383E+00    -.4805597195E+01    -.3414907225E+02     .0000000000E+00     .0000000000E+00     .0000000000E+00     .2943125675E+00
     .4119005900E+00    -.1257182711E+00     .4745123826E+01     .3221725576E+02     .0000000000E+00     .0000000000E+00     .0000000000E+00     .1245049596E+00
     .1741832279E+00    -.8013479508E-01    -.4266006818E+01    -.3002043632E+02     .0000000000E+00     .0000000000E+00     .0000000000E+00     .1032166174E+00
     .8504520738E-01    -.1944363020E-01     .3908527916E+01     .2712484532E+02     .0000000000E+00     .0000000000E+00     .0000000000E+00     .4407351758E-01
     .1794125685E-01    -.6592627058E-02    -.3409031272E+01    -.2388276021E+02     .0000000000E+00     .0000000000E+00     .0000000000E+00     .2987612201E-01
     .7148964761E-02     .2254979327E-01     .2860997657E+01     .2024474284E+02     .0000000000E+00     .0000000000E+00     .0000000000E+00     .1216079769E-01
    -.6521521671E-03     .1758901301E-01    -.2314229057E+01    -.1623319552E+02     .0000000000E+00     .0000000000E+00     .0000000000E+00     .7089831645E-02
     .5494717064E-03     .2863786726E-01     .1679028123E+01     .1213955210E+02     .0000000000E+00     .0000000000E+00     .0000000000E+00     .2492482765E-02
    -.1939069757E-03     .1635014485E-01    -.1153366238E+01    -.8037768690E+01     .0000000000E+00     .0000000000E+00     .0000000000E+00     .1066560911E-02
     .5834177782E-04     .1292392238E-01     .6382048362E+00     .4544053586E+01     .0000000000E+00     .0000000000E+00     .0000000000E+00     .2483037963E-03
    -.1233663895E-04     .4714504297E-02    -.3040869611E+00    -.1887394005E+01     .0000000000E+00     .0000000000E+00     .0000000000E+00     .5937013188E-04
     .1358394945E-05     .1773338855E-02     .9953312399E-01     .3838435184E+00     .0000000000E+00     .0000000000E+00     .0000000000E+00     .3225519574E-05
 l,ispin: 1 2
 psi n=1,noccmax(l):
    -.7530432831E-02    -.2335147067E-02     .1163267853E+00     .9151783221E+00     .0000000000E+00     .0000000000E+00     .0000000000E+00     .3163993487E-01
     .1735177957E-01     .6041046245E-02    -.5154429002E+00    -.4034097749E+01     .0000000000E+00     .0000000000E+00     .0000000000E+00    -.1156482972E+00
    -.3485991695E-01    -.1275911303E-01     .1212053872E+01     .9480940578E+01     .0000000000E+00     .0000000000E+00     .0000000000E+00     .2389455544E+00
     .4246238271E-01     .1707790237E-01    -.2054383745E+01    -.1605164841E+02     .0000000000E+00     .0000000000E+00     .0000000000E+00    -.3764788271E+00
    -.9764322773E-01    -.3454161877E-01     .2839212685E+01     .2224833372E+02     .0000000000E+00     .0000000000E+00     .0000000000E+00     .5508315044E+00
     .1574819698E+00     .5298082366E-01    -.3444568959E+01    -.2706389183E+02     .0000000000E+00     .0000000000E+00     .0000000000E+00    -.1143382488E+01
    -.7917375290E+00    -.1344365615E+00     .3794776284E+01     .3018924557E+02     .0000000000E+00     .0000000000E+00     .0000000000E+00    -.8907886835E+00
     .8766984550E+00     .1399787685E+00    -.3977402633E+01    -.3166226997E+02     .0000000000E+00     .0000000000E+00     .0000000000E+00     .7535895166E+00
     .9566659729E+00     .3135391014E+00     .4253571452E+01     .3155643486E+02     .0000000000E+00     .0000000000E+00     .0000000000E+00     .2225180900E+00
     .6166678537E+00     .2025099117E+00    -.3838945052E+01    -.3102535666E+02     .0000000000E+00     .0000000000E+00     .0000000000E+00     .3121024179E+00
     .3522278790E+00     .1254986783E+00     .3821703991E+01     .2925959787E+02     .0000000000E+00     .0000000000E+00     .0000000000E+00     .1319541170E+00
     .1470384328E+00     .5818402498E-01    -.3431058008E+01    -.2724668433E+02     .0000000000E+00     .0000000000E+00     .0000000000E+00     .1063278680E+00
     .5337609665E-01     .9646750453E-02     .3132654737E+01     .2463060693E+02     .0000000000E+00     .0000000000E+00     .0000000000E+00     .4467681259E-01
     .1118550647E-01    -.1335859499E-01    -.2747253594E+01    -.2166073090E+02     .0000000000E+00     .0000000000E+00     .0000000000E+00     .2967066551E-01
     .2462695781E-02    -.2747230947E-01     .2288263644E+01     .1837111243E+02     .0000000000E+00     .0000000000E+00     .0000000000E+00     .1169087523E-01
    -.1370463306E-03    -.2796387792E-01    -.1864904866E+01    -.1471271929E+02     .0000000000E+00     .0000000000E+00     .0000000000E+00     .6650592081E-02
     .1256409721E-03    -.2764952333E-01     .1341169893E+01     .1100857711E+02     .0000000000E+00     .0000000000E+00     .0000000000E+00     .2193120149E-02
    -.4492217372E-04    -.1778939104E-01    -.9266891146E+00    -.7291621784E+01     .0000000000E+00     .0000000000E+00     .0000000000E+00     .9068137863E-03
     .1338853456E-04    -.1031838373E-01     .5121918342E+00     .4129078075E+01     .0000000000E+00     .0000000000E+00     .0000000000E+00     .1875169831E-03
    -.2812907271E-05    -.3944295928E-02    -.2428064971E+00    -.1740149974E+01     .0000000000E+00     .0000000000E+00     .0000000000E+00     .4208281864E-04
     .3080520735E-06    -.9898208522E-03     .8449899254E-01     .3625805192E+00     .0000000000E+00     .0000000000E+00     .0000000000E+00     .1544716665E-05
 l,ispin: 2 1
 psi n=1,noccmax(l):
     .3136904523E-01    -.7174006519E-01     .9423670486E+00    -.3026513996E+01     .0000000000E+00     .0000000000E+00     .0000000000E+00
    -.1141035879E+00     .2469128303E+00    -.3267848822E+01     .1048960008E+02     .0000000000E+00     .0000000000E+00     .0000000000E+00
     .2357941838E+00    -.4553560590E+00     .6126503216E+01    -.1964116335E+02     .0000000000E+00     .0000000000E+00     .0000000000E+00
    -.3704286836E+00     .6067206439E+00    -.8384022005E+01     .2682395598E+02     .0000000000E+00     .0000000000E+00     .0000000000E+00
     .5431888442E+00    -.6462551689E+00     .9511217107E+01    -.3028235909E+02     .0000000000E+00     .0000000000E+00     .0000000000E+00
    -.1131673680E+01     .4609669043E+00    -.9694090378E+01     .3012490016E+02     .0000000000E+00     .0000000000E+00     .0000000000E+00
    -.9473199286E+00    -.1058708580E+01     .8356429494E+01    -.2853141714E+02     .0000000000E+00     .0000000000E+00     .0000000000E+00
     .6964804145E+00     .8752167281E+00    -.7362822595E+01     .2492471386E+02     .0000000000E+00     .0000000000E+00     .0000000000E+00
     .1918606799E+00    -.4887846709E+00     .6438928589E+01    -.2075991908E+02     .0000000000E+00     .0000000000E+00     .0000000000E+00
     .2943125675E+00     .5515956553E+00    -.5133103764E+01     .1722098094E+02     .0000000000E+00     .0000000000E+00     .0000000000E+00
     .1245049596E+00    -.3210809807E+00     .4235389782E+01    -.1371167747E+02     .0000000000E+00     .0000000000E+00     .0000000000E+00
     .1032166174E+00     .3206356234E+00    -.3266798351E+01     .1090199869E+02     .0000000000E+00     .0000000000E+00     .0000000000E+00
     .4407351758E-01    -.2040981637E+00     .2561272843E+01    -.8390472800E+01     .0000000000E+00     .0000000000E+00     .0000000000E+00
     .2987612201E-01     .1746008198E+00    -.1906976389E+01     .6370167083E+01     .0000000000E+00     .0000000000E+00     .0000000000E+00
     .1216079769E-01    -.1151980898E+00     .1400927617E+01    -.4654033431E+01     .0000000000E+00     .0000000000E+00     .0000000000E+00
     .7089831645E-02     .8443146279E-01    -.9711604189E+00     .3263659015E+01     .0000000000E+00     .0000000000E+00     .0000000000E+00
     .2492482765E-02    -.5343368592E-01     .6336127512E+00    -.2136809296E+01     .0000000000E+00     .0000000000E+00     .0000000000E+00
     .1066560911E-02     .3042287607E-01    -.3771625241E+00     .1255463390E+01     .0000000000E+00     .0000000000E+00     .0000000000E+00
     .2483037963E-03    -.1723024405E-01     .1903780910E+00    -.6302090605E+00     .0000000000E+00     .0000000000E+00     .0000000000E+00
     .5937013188E-04     .5761384902E-02    -.8066181514E-01     .2187989043E+00     .0000000000E+00     .0000000000E+00     .0000000000E+00
     .3225519574E-05    -.3132285886E-02     .1866308014E-01    -.3551456154E-01     .0000000000E+00     .0000000000E+00     .0000000000E+00
 l,ispin: 2 2
 psi n=1,noccmax(l):
     .3163993487E-01    -.6591292970E-01    -.9081547368E+00     .2973279075E+01     .0000000000E+00     .0000000000E+00     .0000000000E+00
    -.1156482972E+00     .2266551602E+00     .3149319712E+01    -.1030494946E+02     .0000000000E+00     .0000000000E+00     .0000000000E+00
     .2389455544E+00    -.4178403044E+00    -.5904104839E+01     .1929562821E+02     .0000000000E+00     .0000000000E+00     .0000000000E+00
    -.3764788271E+00     .5560339241E+00     .8079620724E+01    -.2635216198E+02     .0000000000E+00     .0000000000E+00     .0000000000E+00
     .5508315044E+00    -.5915478428E+00    -.9164727038E+01     .2975143685E+02     .0000000000E+00     .0000000000E+00     .0000000000E+00
    -.1143382488E+01     .4181454049E+00     .9335883451E+01    -.2960553694E+02     .0000000000E+00     .0000000000E+00     .0000000000E+00
    -.8907886835E+00    -.9613839913E+00    -.8080355734E+01     .2798878044E+02     .0000000000E+00     .0000000000E+00     .0000000000E+00
     .7535895166E+00     .8246788327E+00     .7088130242E+01    -.2448712281E+02     .0000000000E+00     .0000000000E+00     .0000000000E+00
     .2225180900E+00    -.4392450449E+00    -.6214103504E+01     .2038148057E+02     .0000000000E+00     .0000000000E+00     .0000000000E+00
     .3121024179E+00     .5147364499E+00     .4945042122E+01    -.1691393911E+02     .0000000000E+00     .0000000000E+00     .0000000000E+00
     .1319541170E+00    -.2925416485E+00    -.4083323054E+01     .1346497775E+02     .0000000000E+00     .0000000000E+00     .0000000000E+00
     .1063278680E+00     .2966989742E+00     .3148432589E+01    -.1070483020E+02     .0000000000E+00     .0000000000E+00     .0000000000E+00
     .4467681259E-01    -.1874611771E+00    -.2468007842E+01     .8239198504E+01     .0000000000E+00     .0000000000E+00     .0000000000E+00
     .2967066551E-01     .1607211330E+00     .1838000244E+01    -.6253396654E+01     .0000000000E+00     .0000000000E+00     .0000000000E+00
     .1169087523E-01    -.1062026397E+00    -.1349390366E+01     .4569313500E+01     .0000000000E+00     .0000000000E+00     .0000000000E+00
     .6650592081E-02     .7743175565E-01     .9359585059E+00    -.3202922105E+01     .0000000000E+00     .0000000000E+00     .0000000000E+00
     .2193120149E-02    -.4943105829E-01    -.6100011564E+00     .2097759818E+01     .0000000000E+00     .0000000000E+00     .0000000000E+00
     .9068137863E-03     .2773283076E-01     .3635122770E+00    -.1232312142E+01     .0000000000E+00     .0000000000E+00     .0000000000E+00
     .1875169831E-03    -.1601274488E-01    -.1832855494E+00     .6195520294E+00     .0000000000E+00     .0000000000E+00     .0000000000E+00
     .4208281864E-04     .5184747356E-02     .7789753485E-01    -.2161704799E+00     .0000000000E+00     .0000000000E+00     .0000000000E+00
     .1544716665E-05    -.2942731661E-02    -.1821269799E-01     .3530543661E-01     .0000000000E+00     .0000000000E+00     .0000000000E+00
 l,ispin: 3 1
 psi n=1,noccmax(l):
    -.2805724302E+00     .1880406629E+01    -.5185644819E+01    -.9501926041E+01     .0000000000E+00     .0000000000E+00
     .7678038268E+00    -.5146291339E+01     .1419392820E+02     .2601289423E+02     .0000000000E+00     .0000000000E+00
    -.1150906907E+01     .7715128902E+01    -.2128276541E+02    -.3901419296E+02     .0000000000E+00     .0000000000E+00
     .1273800335E+01    -.8540419369E+01     .2356524979E+02     .4321295604E+02     .0000000000E+00     .0000000000E+00
    -.1178222669E+01     .7901792989E+01    -.2181025946E+02    -.4001377318E+02     .0000000000E+00     .0000000000E+00
     .9735348441E+00    -.6530874178E+01     .1803503285E+02     .3310820581E+02     .0000000000E+00     .0000000000E+00
    -.7477242673E+00     .5016486808E+01    -.1386367813E+02    -.2546988941E+02     .0000000000E+00     .0000000000E+00
     .5469679649E+00    -.3670753895E+01     .1015456921E+02     .1867551857E+02     .0000000000E+00     .0000000000E+00
    -.3866257883E+00     .2599630489E+01    -.7197354471E+01    -.1326107881E+02     .0000000000E+00     .0000000000E+00
     .2661109771E+00    -.1799969783E+01     .4982687063E+01     .9212676798E+01     .0000000000E+00     .0000000000E+00
    -.1819031038E+00     .1220282906E+01    -.3396771289E+01    -.6280697845E+01     .0000000000E+00     .0000000000E+00
     .1202168323E+00    -.8182104712E+00     .2273976141E+01     .4234286571E+01     .0000000000E+00     .0000000000E+00
    -.7972552331E-01     .5367033033E+00    -.1504240652E+01    -.2803002732E+01     .0000000000E+00     .0000000000E+00
     .5056075754E-01    -.3473398031E+00     .9722350673E+00     .1830221606E+01     .0000000000E+00     .0000000000E+00
    -.3205524286E-01     .2171458743E+00    -.6152293536E+00    -.1159167663E+01     .0000000000E+00     .0000000000E+00
     .1887168676E-01    -.1317985750E+00     .3724043283E+00     .7106337256E+00     .0000000000E+00     .0000000000E+00
    -.1098395007E-01     .7454321923E-01    -.2145728786E+00    -.4048249778E+00     .0000000000E+00     .0000000000E+00
     .5441721455E-02    -.3950543487E-01     .1111920879E+00     .2097468529E+00     .0000000000E+00     .0000000000E+00
    -.2698854518E-02     .1773017898E-01    -.5067982132E-01    -.8440723153E-01     .0000000000E+00     .0000000000E+00
     .8858509943E-03    -.6912247074E-02     .1616122375E-01     .2130249628E-01     .0000000000E+00     .0000000000E+00
    -.3806468084E-03     .1456408022E-02    -.2387100577E-02    -.2482029764E-02     .0000000000E+00     .0000000000E+00
 l,ispin: 3 2
 psi n=1,noccmax(l):
    -.2805724302E+00     .1880406629E+01    -.5185644819E+01    -.9501926041E+01     .0000000000E+00     .0000000000E+00
     .7678038268E+00    -.5146291339E+01     .1419392820E+02     .2601289423E+02     .0000000000E+00     .0000000000E+00
    -.1150906907E+01     .7715128902E+01    -.2128276541E+02    -.3901419296E+02     .0000000000E+00     .0000000000E+00
     .1273800335E+01    -.8540419369E+01     .2356524979E+02     .4321295604E+02     .0000000000E+00     .0000000000E+00
    -.1178222669E+01     .7901792989E+01    -.2181025946E+02    -.4001377318E+02     .0000000000E+00     .0000000000E+00
     .9735348441E+00    -.6530874178E+01     .1803503285E+02     .3310820581E+02     .0000000000E+00     .0000000000E+00
    -.7477242673E+00     .5016486808E+01    -.1386367813E+02    -.2546988941E+02     .0000000000E+00     .0000000000E+00
     .5469679649E+00    -.3670753895E+01     .1015456921E+02     .1867551857E+02     .0000000000E+00     .0000000000E+00
    -.3866257883E+00     .2599630489E+01    -.7197354471E+01    -.1326107881E+02     .0000000000E+00     .0000000000E+00
     .2661109771E+00    -.1799969783E+01     .4982687063E+01     .9212676798E+01     .0000000000E+00     .0000000000E+00
    -.1819031038E+00     .1220282906E+01    -.3396771289E+01    -.6280697845E+01     .0000000000E+00     .0000000000E+00
     .1202168323E+00    -.8182104712E+00     .2273976141E+01     .4234286571E+01     .0000000000E+00     .0000000000E+00
    -.7972552331E-01     .5367033033E+00    -.1504240652E+01    -.2803002732E+01     .0000000000E+00     .0000000000E+00
     .5056075754E-01    -.3473398031E+00     .9722350673E+00     .1830221606E+01     .0000000000E+00     .0000000000E+00
    -.3205524286E-01     .2171458743E+00    -.6152293536E+00    -.1159167663E+01     .0000000000E+00     .0000000000E+00
     .1887168676E-01    -.1317985750E+00     .3724043283E+00     .7106337256E+00     .0000000000E+00     .0000000000E+00
    -.1098395007E-01     .7454321923E-01    -.2145728786E+00    -.4048249778E+00     .0000000000E+00     .0000000000E+00
     .5441721455E-02    -.3950543487E-01     .1111920879E+00     .2097468529E+00     .0000000000E+00     .0000000000E+00
    -.2698854518E-02     .1773017898E-01    -.5067982132E-01    -.8440723153E-01     .0000000000E+00     .0000000000E+00
     .8858509943E-03    -.6912247074E-02     .1616122375E-01     .2130249628E-01     .0000000000E+00     .0000000000E+00
    -.3806468084E-03     .1456408022E-02    -.2387100577E-02    -.2482029764E-02     .0000000000E+00     .0000000000E+00
