 Initial weight-guess from atomic-program
 ----------------------------------------
    .1E+03     weight_psir0
    n   l  so   eigval  chrg    dchrg  ddchrg  res    rnode dnode ddnode
   6   0  .50   1.0e0   1.0e0   0.0e0  0.0e0   0.0e0  1.0e0 0.0e0 0.0e0
   7   0  .50   0.0e0   0.0e0   0.0e0  0.0e0   0.0e0  0.0e0 0.0e0 0.0e0
   8   0  .50   0.0e0   0.0e0   0.0e0  0.0e0   0.0e0  0.0e0 0.0e0 0.0e0
   6   1 -.50   1.0e0   1.0e0   0.0e0  0.0e0   0.0e0  0.0e0 0.0e0 0.0e0
   6   1  .50   1.0e0   1.0e0   0.0e0  0.0e0   0.0e0  0.0e0 0.0e0 0.0e0
   7   1 -.50   0.0e0   0.0e0   0.0e0  0.0e0   0.0e0  0.0e0 0.0e0 0.0e0
   7   1  .50   0.0e0   0.0e0   0.0e0  0.0e0   0.0e0  0.0e0 0.0e0 0.0e0
   8   1 -.50   0.0e0   0.0e0   0.0e0  0.0e0   0.0e0  0.0e0 0.0e0 0.0e0
   8   1  .50   0.0e0   0.0e0   0.0e0  0.0e0   0.0e0  0.0e0 0.0e0 0.0e0
   5   2 -.50   1.0e0   1.0e0   0.0e0  0.0e0   0.0e0  1.0e0 0.0e0 0.0e0
   5   2  .50   1.0e0   1.0e0   0.0e0  0.0e0   0.0e0  1.0e0 0.0e0 0.0e0
   6   2 -.50   0.0e0   0.0e0   0.0e0  0.0e0   0.0e0  0.0e0 0.0e0 0.0e0
   6   2  .50   0.0e0   0.0e0   0.0e0  0.0e0   0.0e0  0.0e0 0.0e0 0.0e0
   7   2 -.50   0.0e0   0.0e0   0.0e0  0.0e0   0.0e0  0.0e0 0.0e0 0.0e0
   7   2  .50   0.0e0   0.0e0   0.0e0  0.0e0   0.0e0  0.0e0 0.0e0 0.0e0
   5   3 -.50   0.0e0   0.0e0   0.0e0  0.0e0   0.0e0  0.0e0 0.0e0 0.0e0
   5   3  .50   0.0e0   0.0e0   0.0e0  0.0e0   0.0e0  0.0e0 0.0e0 0.0e0
   6   3 -.50   0.0e0   0.0e0   0.0e0  0.0e0   0.0e0  0.0e0 0.0e0 0.0e0
   6   3  .50   0.0e0   0.0e0   0.0e0  0.0e0   0.0e0  0.0e0 0.0e0 0.0e0
