 Initial weight-guess from atomic-program
 ----------------------------------------
    .0E+00    weight_psir0
    n   l  so   eigval  chrg    dchrg  ddchrg  res    rnode dnode ddnode
   1   0  .50   1.0e-1  1.0e-1  0.0e0  0.0e0   1.0e0  1.0e0 0.0e0 0.0e0
   2   0  .50   1.0e0   1.0e0   0.0e0  0.0e0   1.0e0  1.0e0 0.0e0 0.0e0
   3   0  .50   1.0e-2  1.0e-2  0.0e0  0.0e0   0.0e0  0.0e0 0.0e0 0.0e0
   4   0  .50   0.0e0   0.0e0   0.0e0  0.0e0   0.0e0  0.0e0 0.0e0 0.0e0
   2   1 -.50   1.0e-1  1.0e-1  0.0e0  0.0e0   0.0e0  1.0e0 0.0e0 0.0e0
   2   1  .50   1.0e-1  1.0e-1  0.0e0  0.0e0   0.0e0  1.0e0 0.0e0 0.0e0
   3   1 -.50   0.0e0   0.0e0   0.0e0  0.0e0   0.0e0  0.0e0 0.0e0 0.0e0
   3   1  .50   0.0e0   0.0e0   0.0e0  0.0e0   0.0e0  0.0e0 0.0e0 0.0e0
   4   1 -.50   0.0e0   0.0e0   0.0e0  0.0e0   0.0e0  0.0e0 0.0e0 0.0e0
   4   1  .50   0.0e0   0.0e0   0.0e0  0.0e0   0.0e0  0.0e0 0.0e0 0.0e0
   3   2 -.50   1.0e-2  1.0e-2  0.0e0  0.0e0   0.0e0  0.0e0 0.0e0 0.0e0
   3   2  .50   1.0e-2  1.0e-2  0.0e0  0.0e0   0.0e0  0.0e0 0.0e0 0.0e0
   4   2 -.50   0.0e0   0.0e0   0.0e0  0.0e0   0.0e0  0.0e0 0.0e0 0.0e0
   4   2  .50   0.0e0   0.0e0   0.0e0  0.0e0   0.0e0  0.0e0 0.0e0 0.0e0
   4   3 -.50   1.0e-2  1.0e-2  0.0e0  0.0e0   0.0e0  0.0e0 0.0e0 0.0e0
   4   3  .50   1.0e-2  1.0e-2  0.0e0  0.0e0   0.0e0  0.0e0 0.0e0 0.0e0
