 Initial weight-guess from atomic-program
 ----------------------------------------
    .1E+03     weight_psir0
    n   l  so   eigval  chrg    dchrg  ddchrg  res    rnode dnode ddnode
   6   0  .00   1.0e0   1.0e0   0.0e0  0.0e0   0.0e0  1.0e0 0.0e0 0.0e0
   7   0  .00   0.0e0   0.0e0   0.0e0  0.0e0   0.0e0  0.0e0 0.0e0 0.0e0
   8   0  .00   0.0e0   0.0e0   0.0e0  0.0e0   0.0e0  0.0e0 0.0e0 0.0e0
   6   1  .00   0.0e0   0.0e0   0.0e0  0.0e0   0.0e0  0.0e0 0.0e0 0.0e0
   7   1  .00   0.0e0   0.0e0   0.0e0  0.0e0   0.0e0  0.0e0 0.0e0 0.0e0
   8   1  .00   0.0e0   0.0e0   0.0e0  0.0e0   0.0e0  0.0e0 0.0e0 0.0e0
   5   2  .00   1.0e0   1.0e0   0.0e0  0.0e0   0.0e0  1.0e0 0.0e0 0.0e0
   6   2  .00   0.0e0   0.0e0   0.0e0  0.0e0   0.0e0  0.0e0 0.0e0 0.0e0
   7   2  .00   0.0e0   0.0e0   0.0e0  0.0e0   0.0e0  0.0e0 0.0e0 0.0e0
   5   3  .00   0.0e0   0.0e0   0.0e0  0.0e0   0.0e0  0.0e0 0.0e0 0.0e0
   6   3  .00   0.0e0   0.0e0   0.0e0  0.0e0   0.0e0  0.0e0 0.0e0 0.0e0
