   18             2.50000 ng, rij 
     3.000     6.000                                       rcov,rprb 
 r                           (non)relativistic calculation
 PADE                        XC-functional
 43.000 15.000    0.4300000072    0.1491001129E+02    0.1046381474E+01    0.0000000000E+00    0.0000000000E+00  znuc,zion,rloc,gpot()
   2                                                       lpx, (Projectors for l=0..lpx)
    0.3697211063    0.3917408436E+01    0.2040442127E+01   -0.5268398917E+01    0.0000000000E+00    0.0000000000E+00    0.0000000000E+00  r_l(),hsep(), so=+0.5
    0.3577723463   -0.9960442240E-01    0.1593430597E+01   -0.3770745017E+01    0.0000000000E+00    0.0000000000E+00    0.0000000000E+00  r_l(),hsep(), so=+0.5
   -0.6107913739E+00    0.1551628606E+01   -0.3671823451E+01    0.0000000000E+00    0.0000000000E+00    0.0000000000E+00         hsep(), so=-0.5
    0.5104873312   -0.1570919284E+01   -0.4920315102E+00    0.1115822583E+01    0.0000000000E+00    0.0000000000E+00    0.0000000000E+00  r_l(),hsep(), so=+0.5
   -0.1610393829E+01   -0.5102041328E+00    0.1157034217E+01    0.0000000000E+00    0.0000000000E+00    0.0000000000E+00         hsep(), so=-0.5
 ---------------------------------------------
 Additional information (last calculation):
 gaussian exponents:
 xp(): 11.150519424221907,  7.356599294743809,  4.8535454829003752,  3.2021458299915468,  2.1126283770611409,  1.3938149280277381,
 0.91957491184297591,  0.60669318536254702,  0.40026822874894341,  0.26407854713264262,  0.17422686600346729,  0.11494686398037202,
 7.58366481703183631E-2,  5.00335285936179194E-2,  3.3009818391580327E-2,  2.17783582504334078E-2,  1.43683579975464985E-2,
 9.47958102128979713E-3
 orbital coefficients 
 l,ispin: 0,  1
 psi n=1,noccmax(l):
   -0.1635073218E-01    0.1899265937E-02    0.3120116571E-03   -0.1941737002E-01    0.0000000000E+00    0.0000000000E+00    0.0000000000E+00
    0.8656611459E-01   -0.1092520749E-01   -0.2303919293E-02    0.9278864394E-01    0.0000000000E+00    0.0000000000E+00    0.0000000000E+00
   -0.3247909018E+00    0.4598441051E-01    0.1339009969E-01   -0.2424316345E+00    0.0000000000E+00    0.0000000000E+00    0.0000000000E+00
    0.4772840729E+00    0.2411771479E-01    0.2583948722E-01    0.4057190259E+00    0.0000000000E+00    0.0000000000E+00    0.0000000000E+00
    0.3377115366E+01   -0.1209749794E+01   -0.5541910877E+00   -0.1857357185E+00    0.0000000000E+00    0.0000000000E+00    0.0000000000E+00
   -0.7545405206E+00    0.9297419232E-01    0.5937998464E-01    0.8570859780E+00    0.0000000000E+00    0.0000000000E+00    0.0000000000E+00
   -0.8825196399E+00    0.5016253497E+00    0.2021771521E+00   -0.1330900076E+01    0.0000000000E+00    0.0000000000E+00    0.0000000000E+00
   -0.1261627548E+01    0.5583752824E+00    0.2850481329E+00    0.1156956614E+01    0.0000000000E+00    0.0000000000E+00    0.0000000000E+00
   -0.4404714014E+00    0.3544650720E+00    0.1314507511E+00   -0.1764362102E+01    0.0000000000E+00    0.0000000000E+00    0.0000000000E+00
   -0.2655524888E+00    0.1745683720E+00    0.1305411917E+00    0.1773101362E+01    0.0000000000E+00    0.0000000000E+00    0.0000000000E+00
    0.1837215190E-01    0.3412220116E-02   -0.3768075208E-01   -0.2090597103E+01    0.0000000000E+00    0.0000000000E+00    0.0000000000E+00
   -0.3342094042E-01   -0.8347083993E-01    0.1498085267E-01    0.2311019462E+01    0.0000000000E+00    0.0000000000E+00    0.0000000000E+00
    0.1808613756E-01   -0.1382394545E+00   -0.1449445102E+00   -0.2344723506E+01    0.0000000000E+00    0.0000000000E+00    0.0000000000E+00
   -0.9889599409E-02   -0.1291555291E+00   -0.6616573894E-01    0.2641913787E+01    0.0000000000E+00    0.0000000000E+00    0.0000000000E+00
    0.4909649941E-02   -0.7867029501E-01   -0.1541123859E+00   -0.2307902264E+01    0.0000000000E+00    0.0000000000E+00    0.0000000000E+00
   -0.2122919126E-02   -0.2779590192E-01    0.1170271307E-01    0.2270770575E+01    0.0000000000E+00    0.0000000000E+00    0.0000000000E+00
    0.7437858547E-03   -0.4500325807E-02   -0.5153846641E-01   -0.1621869824E+01    0.0000000000E+00    0.0000000000E+00    0.0000000000E+00
   -0.1851603471E-03    0.4771836906E-05    0.1689492756E+00    0.1259275980E+00    0.0000000000E+00    0.0000000000E+00    0.0000000000E+00
    0.2408359941E-04   -0.6295700896E-05    0.3020460127E-02    0.2408708571E+00    0.0000000000E+00    0.0000000000E+00    0.0000000000E+00
 l,ispin: 2*1
 psi n=1,noccmax(l):
   -0.4640329676E-01    0.7898086316E-02    0.1861843295E-02   -0.5543268995E-01    0.0000000000E+00    0.0000000000E+00    0.0000000000E+00
    0.2014499894E+00   -0.3526501100E-01   -0.1084344479E-01    0.2011519659E+00    0.0000000000E+00    0.0000000000E+00    0.0000000000E+00
   -0.5840263224E+00    0.1039270284E+00    0.4174485709E-01   -0.4110075686E+00    0.0000000000E+00    0.0000000000E+00    0.0000000000E+00
    0.1494973697E+01   -0.2574886182E+00   -0.1225253147E+00    0.6517318202E+00    0.0000000000E+00    0.0000000000E+00    0.0000000000E+00
    0.1478382243E+01   -0.4004613695E+00   -0.2733679205E+00   -0.3904143429E+00    0.0000000000E+00    0.0000000000E+00    0.0000000000E+00
   -0.1474468284E+01    0.3519440165E+00    0.2464858014E+00    0.4784532901E+00    0.0000000000E+00    0.0000000000E+00    0.0000000000E+00
   -0.1025503071E+01    0.3037042786E+00    0.1458315224E+00   -0.8730307819E+00    0.0000000000E+00    0.0000000000E+00    0.0000000000E+00
   -0.9056022177E+00    0.2492312950E+00    0.1867453909E+00    0.5418466313E+00    0.0000000000E+00    0.0000000000E+00    0.0000000000E+00
   -0.3226246128E+00    0.1018022123E+00    0.2701138598E-01   -0.7176127692E+00    0.0000000000E+00    0.0000000000E+00    0.0000000000E+00
   -0.1593060940E+00    0.4122714395E-01    0.5814812404E-01    0.5934343202E+00    0.0000000000E+00    0.0000000000E+00    0.0000000000E+00
   -0.1553392816E-01   -0.9969107917E-02   -0.3683386214E-01   -0.5652174361E+00    0.0000000000E+00    0.0000000000E+00    0.0000000000E+00
   -0.1186082164E-01   -0.2054196421E-01    0.1374652530E-01    0.5342233828E+00    0.0000000000E+00    0.0000000000E+00    0.0000000000E+00
    0.3482549249E-02   -0.2939788639E-01   -0.4658427534E-01   -0.4388815549E+00    0.0000000000E+00    0.0000000000E+00    0.0000000000E+00
   -0.1711691367E-02   -0.2562067534E-01   -0.8190835966E-03    0.4274240184E+00    0.0000000000E+00    0.0000000000E+00    0.0000000000E+00
    0.7160875672E-03   -0.1912566533E-01   -0.3540055429E-01   -0.3100976586E+00    0.0000000000E+00    0.0000000000E+00    0.0000000000E+00
   -0.2640450968E-03   -0.9409520990E-02    0.6082193975E-02    0.2713644827E+00    0.0000000000E+00    0.0000000000E+00    0.0000000000E+00
    0.7984338448E-04   -0.3811494571E-02   -0.1662388491E-01   -0.1673722840E+00    0.0000000000E+00    0.0000000000E+00    0.0000000000E+00
   -0.1741229827E-04   -0.3622432294E-03    0.2292185681E-01    0.8993047543E-02    0.0000000000E+00    0.0000000000E+00    0.0000000000E+00
    0.2018941710E-05    0.9414929395E-05    0.5815612969E-03    0.1905773636E-01    0.0000000000E+00    0.0000000000E+00    0.0000000000E+00
 l,ispin: 1,  2
 psi n=1,noccmax(l):
   -0.4651649109E-01    0.7831774372E-02   -0.2085682607E-02   -0.5393676910E-01    0.0000000000E+00    0.0000000000E+00    0.0000000000E+00
    0.2035613120E+00   -0.3538478075E-01    0.1174559937E-01    0.1959161396E+00    0.0000000000E+00    0.0000000000E+00    0.0000000000E+00
   -0.5875663759E+00    0.1036472165E+00   -0.4271094402E-01   -0.3999913579E+00    0.0000000000E+00    0.0000000000E+00    0.0000000000E+00
    0.1534043664E+01   -0.2623432270E+00    0.1254602300E+00    0.6370704118E+00    0.0000000000E+00    0.0000000000E+00    0.0000000000E+00
    0.1307019693E+01   -0.3690948429E+00    0.2451034140E+00   -0.3976466361E+00    0.0000000000E+00    0.0000000000E+00    0.0000000000E+00
   -0.1638298057E+01    0.3970918022E+00   -0.2630532002E+00    0.4409263883E+00    0.0000000000E+00    0.0000000000E+00    0.0000000000E+00
   -0.1072963327E+01    0.3234608311E+00   -0.1581432323E+00   -0.8608680954E+00    0.0000000000E+00    0.0000000000E+00    0.0000000000E+00
   -0.9027273651E+00    0.2521085654E+00   -0.1799909917E+00    0.5261192043E+00    0.0000000000E+00    0.0000000000E+00    0.0000000000E+00
   -0.3030073428E+00    0.9698243062E-01   -0.2743078101E-01   -0.6958709363E+00    0.0000000000E+00    0.0000000000E+00    0.0000000000E+00
   -0.1465580449E+00    0.3470583789E-01   -0.4915578351E-01    0.5816977794E+00    0.0000000000E+00    0.0000000000E+00    0.0000000000E+00
   -0.1019918775E-01   -0.1533580997E-01    0.3597071775E-01   -0.5469665313E+00    0.0000000000E+00    0.0000000000E+00    0.0000000000E+00
   -0.1085320372E-01   -0.2448839309E-01   -0.7683305826E-02    0.5229238778E+00    0.0000000000E+00    0.0000000000E+00    0.0000000000E+00
    0.3599911994E-02   -0.3155261940E-01    0.4448129761E-01   -0.4255417177E+00    0.0000000000E+00    0.0000000000E+00    0.0000000000E+00
   -0.1716409299E-02   -0.2648559268E-01    0.4009361365E-02    0.4173430081E+00    0.0000000000E+00    0.0000000000E+00    0.0000000000E+00
    0.7173748063E-03   -0.1886355227E-01    0.3236940717E-01   -0.3028969436E+00    0.0000000000E+00    0.0000000000E+00    0.0000000000E+00
   -0.2640024167E-03   -0.9000474000E-02   -0.4903709889E-02    0.2645244657E+00    0.0000000000E+00    0.0000000000E+00    0.0000000000E+00
    0.7970318878E-04   -0.3407783132E-02    0.1396089862E-01   -0.1682017856E+00    0.0000000000E+00    0.0000000000E+00    0.0000000000E+00
   -0.1736031919E-04   -0.2909291495E-03   -0.2195186185E-01    0.1242768902E-01    0.0000000000E+00    0.0000000000E+00    0.0000000000E+00
    0.2011111240E-05    0.7463237686E-05   -0.5032233052E-03    0.1808421638E-01    0.0000000000E+00    0.0000000000E+00    0.0000000000E+00
 l,ispin: 2,  1
 psi n=1,noccmax(l):
   -0.2171157799E-01    0.5285943982E-02    0.4145241885E-01   -0.1270019409E+00    0.0000000000E+00    0.0000000000E+00
    0.5449721056E-01   -0.1349687312E-01   -0.1106391704E+00    0.3418879655E+00    0.0000000000E+00    0.0000000000E+00
   -0.8306599873E-01    0.2053279730E-01    0.1661135081E+00   -0.5120690293E+00    0.0000000000E+00    0.0000000000E+00
    0.8172415776E-01   -0.2171396260E-01   -0.1863461469E+00    0.5797269274E+00    0.0000000000E+00    0.0000000000E+00
   -0.6998358343E+00    0.1386071670E+00    0.2987130668E+00   -0.4376633562E+00    0.0000000000E+00    0.0000000000E+00
    0.1063023580E+01   -0.1974163473E+00   -0.3365719874E+00    0.3103493705E+00    0.0000000000E+00    0.0000000000E+00
    0.8543844696E+00   -0.1602184447E+00   -0.4768991349E-01   -0.5882429977E+00    0.0000000000E+00    0.0000000000E+00
    0.3803946847E+00   -0.7879718970E-01   -0.1726536901E+00    0.2549672755E+00    0.0000000000E+00    0.0000000000E+00
    0.2250267008E+00   -0.4098963272E-01    0.3025269496E-01   -0.3071857439E+00    0.0000000000E+00    0.0000000000E+00
    0.8904428892E-01   -0.1935504388E-01   -0.7524161200E-01    0.1836313187E+00    0.0000000000E+00    0.0000000000E+00
    0.4204434967E-01   -0.6089202793E-02    0.3619884860E-01   -0.1613439585E+00    0.0000000000E+00    0.0000000000E+00
    0.1409331047E-01   -0.3263999488E-02   -0.3500762771E-01    0.1135473558E+00    0.0000000000E+00    0.0000000000E+00
    0.5631039780E-02    0.6776173629E-03    0.2464715242E-01   -0.8466063728E-01    0.0000000000E+00    0.0000000000E+00
    0.1286509030E-02    0.4396794667E-03   -0.1620755930E-01    0.6346826620E-01    0.0000000000E+00    0.0000000000E+00
    0.3661914789E-03    0.1823023807E-02    0.1483102129E-01   -0.3850350766E-01    0.0000000000E+00    0.0000000000E+00
    0.1773328140E-04    0.9517508686E-03   -0.6949526456E-02    0.2851102631E-01    0.0000000000E+00    0.0000000000E+00
    0.7430440797E-05    0.1133594250E-02    0.8278026814E-02   -0.6023308854E-02    0.0000000000E+00    0.0000000000E+00
   -0.1104737333E-05    0.6779660588E-03   -0.3199676675E-02   -0.5553236076E-02    0.0000000000E+00    0.0000000000E+00
    0.1153740550E-06   -0.5155085868E-05   -0.2594541390E-03    0.2405917586E-02    0.0000000000E+00    0.0000000000E+00
 l,ispin: 2*2
 psi n=1,noccmax(l):
    0.2230205994E-01    0.5267195018E-02    0.4085866293E-01   -0.1274003100E+00    0.0000000000E+00    0.0000000000E+00
   -0.5589712185E-01   -0.1343488520E-01   -0.1090306838E+00    0.3429734680E+00    0.0000000000E+00    0.0000000000E+00
    0.8487752751E-01    0.2038248733E-01    0.1636458459E+00   -0.5137532320E+00    0.0000000000E+00    0.0000000000E+00
   -0.8158009470E-01   -0.2125333054E-01   -0.1832622025E+00    0.5819317065E+00    0.0000000000E+00    0.0000000000E+00
    0.7169582177E+00    0.1378328362E+00    0.2957026356E+00   -0.4395626057E+00    0.0000000000E+00    0.0000000000E+00
   -0.1109818566E+01   -0.1994944766E+00   -0.3368762857E+00    0.3088973799E+00    0.0000000000E+00    0.0000000000E+00
   -0.8752628611E+00   -0.1594271257E+00   -0.4918645705E-01   -0.5895362037E+00    0.0000000000E+00    0.0000000000E+00
   -0.3843812150E+00   -0.7758129641E-01   -0.1701360428E+00    0.2568453764E+00    0.0000000000E+00    0.0000000000E+00
   -0.2267583421E+00   -0.4007483152E-01    0.2990253633E-01   -0.3072585958E+00    0.0000000000E+00    0.0000000000E+00
   -0.8864698426E-01   -0.1878761501E-01   -0.7380710741E-01    0.1847660964E+00    0.0000000000E+00    0.0000000000E+00
   -0.4167915665E-01   -0.5747238138E-02    0.3584672617E-01   -0.1615005627E+00    0.0000000000E+00    0.0000000000E+00
   -0.1369483599E-01   -0.3076180219E-02   -0.3429949915E-01    0.1141236337E+00    0.0000000000E+00    0.0000000000E+00
   -0.5428219889E-02    0.7933750917E-03    0.2438708480E-01   -0.8482274987E-01    0.0000000000E+00    0.0000000000E+00
   -0.1183138770E-02    0.5015837380E-03   -0.1585939483E-01    0.6378617954E-01    0.0000000000E+00    0.0000000000E+00
   -0.3373299560E-03    0.1856566901E-02    0.1466577707E-01   -0.3867408059E-01    0.0000000000E+00    0.0000000000E+00
   -0.1123108462E-04    0.9624200822E-03   -0.6806080173E-02    0.2871088877E-01    0.0000000000E+00    0.0000000000E+00
   -0.7158635578E-05    0.1136315741E-02    0.8175786933E-02   -0.6301731468E-02    0.0000000000E+00    0.0000000000E+00
    0.1132443752E-05    0.6682762403E-03   -0.3192113881E-02   -0.5418860049E-02    0.0000000000E+00    0.0000000000E+00
   -0.1182116397E-06   -0.5199488530E-05   -0.2548324163E-03    0.2384660496E-02    0.0000000000E+00    0.0000000000E+00
 l,ispin: 3,  1
 psi n=1,noccmax(l):
    0.1026859889E-02    0.1140811784E+00   -0.2431393493E+00   -0.8502669491E+00    0.0000000000E+00
   -0.2083239728E-02   -0.2329892894E+00    0.4967098424E+00    0.1737409803E+01    0.0000000000E+00
    0.2369578459E-02    0.2704359598E+00   -0.5769531409E+00   -0.2018672964E+01    0.0000000000E+00
   -0.1954759103E-02   -0.2401754082E+00    0.5135198426E+00    0.1797067435E+01    0.0000000000E+00
    0.8166441185E-03    0.1831785494E+00   -0.3964384937E+00   -0.1384878624E+01    0.0000000000E+00
   -0.1514000947E-02   -0.1310109937E+00    0.2772775503E+00    0.9754531657E+00    0.0000000000E+00
    0.1933316210E-02    0.8969163771E-01   -0.1836068751E+00   -0.6529251651E+00    0.0000000000E+00
    0.3953678958E-03   -0.5536523301E-01    0.1243672383E+00    0.4343597061E+00    0.0000000000E+00
    0.1028004932E-02    0.3784913421E-01   -0.7606485450E-01   -0.2746795875E+00    0.0000000000E+00
    0.1993327908E-03   -0.2237320163E-01    0.5055057139E-01    0.1792553633E+00    0.0000000000E+00
    0.4170968609E-03    0.1507237368E-01   -0.3018168357E-01   -0.1120231053E+00    0.0000000000E+00
    0.9793682991E-04   -0.8720670303E-02    0.1977459982E-01    0.7300835031E-01    0.0000000000E+00
    0.1898524331E-03    0.5868895880E-02   -0.1137004884E-01   -0.4552931369E-01    0.0000000000E+00
    0.9331362139E-04   -0.3166705117E-02    0.7446400989E-02    0.3030545391E-01    0.0000000000E+00
    0.1335154578E-03    0.2283875399E-02   -0.3629950034E-02   -0.1859465604E-01    0.0000000000E+00
    0.8406317224E-04   -0.1027539820E-02    0.2346607263E-02    0.1317621014E-01    0.0000000000E+00
    0.7719266649E-04    0.9367412910E-03   -0.1198097691E-03   -0.7025501470E-02    0.0000000000E+00
    0.9675625629E-04   -0.2441994078E-03   -0.5170936957E-03    0.2159593361E-02    0.0000000000E+00
    0.4064386284E-07   -0.2483705417E-04    0.1576050397E-03   -0.2997505409E-03    0.0000000000E+00
 l,ispin: 3,  2
 psi n=1,noccmax(l):
    0.1026859889E-02    0.1140811784E+00   -0.2431393493E+00   -0.8502669491E+00    0.0000000000E+00
   -0.2083239728E-02   -0.2329892894E+00    0.4967098424E+00    0.1737409803E+01    0.0000000000E+00
    0.2369578459E-02    0.2704359598E+00   -0.5769531409E+00   -0.2018672964E+01    0.0000000000E+00
   -0.1954759103E-02   -0.2401754082E+00    0.5135198426E+00    0.1797067435E+01    0.0000000000E+00
    0.8166441185E-03    0.1831785494E+00   -0.3964384937E+00   -0.1384878624E+01    0.0000000000E+00
   -0.1514000947E-02   -0.1310109937E+00    0.2772775503E+00    0.9754531657E+00    0.0000000000E+00
    0.1933316210E-02    0.8969163771E-01   -0.1836068751E+00   -0.6529251651E+00    0.0000000000E+00
    0.3953678958E-03   -0.5536523301E-01    0.1243672383E+00    0.4343597061E+00    0.0000000000E+00
    0.1028004932E-02    0.3784913421E-01   -0.7606485450E-01   -0.2746795875E+00    0.0000000000E+00
    0.1993327908E-03   -0.2237320163E-01    0.5055057139E-01    0.1792553633E+00    0.0000000000E+00
    0.4170968609E-03    0.1507237368E-01   -0.3018168357E-01   -0.1120231053E+00    0.0000000000E+00
    0.9793682991E-04   -0.8720670303E-02    0.1977459982E-01    0.7300835031E-01    0.0000000000E+00
    0.1898524331E-03    0.5868895880E-02   -0.1137004884E-01   -0.4552931369E-01    0.0000000000E+00
    0.9331362139E-04   -0.3166705117E-02    0.7446400989E-02    0.3030545391E-01    0.0000000000E+00
    0.1335154578E-03    0.2283875399E-02   -0.3629950034E-02   -0.1859465604E-01    0.0000000000E+00
    0.8406317224E-04   -0.1027539820E-02    0.2346607263E-02    0.1317621014E-01    0.0000000000E+00
    0.7719266649E-04    0.9367412910E-03   -0.1198097691E-03   -0.7025501470E-02    0.0000000000E+00
    0.9675625629E-04   -0.2441994078E-03   -0.5170936957E-03    0.2159593361E-02    0.0000000000E+00
    0.4064386284E-07   -0.2483705417E-04    0.1576050397E-03   -0.2997505409E-03    0.0000000000E+00
