 Initial weight-guess from atomic-program
 ----------------------------------------
    .1E+03     weight_psir0
    n   l  so   eigval  chrg    dchrg  ddchrg  res    rnode dnode ddnode
   3   0  .50   2.0e1   2.0e1   0.0e0  0.0e0   0.0e0  1.0e0 0.0e0 0.0e0
   4   0  .50   1.0e-1  1.0e-1  0.0e0  0.0e0   0.0e0  0.0e0 0.0e0 0.0e0
   5   0  .50   4.0e-2  4.0e-2  0.0e0  0.0e0   0.0e0  0.0e0 0.0e0 0.0e0
   6   0  .50   8.0e-3  8.0e-3  0.0e0  0.0e0   0.0e0  0.0e0 0.0e0 0.0e0
   3   1 -.50   4.0e0   4.0e0   0.0e0  0.0e0   0.0e0  1.0e0 0.0e0 0.0e0
   3   1  .50   4.0e0   4.0e0   0.0e0  0.0e0   0.0e0  1.0e0 0.0e0 0.0e0
   4   1 -.50   1.0e-1  1.0e-1  0.0e0  0.0e0   0.0e0  0.0e0 0.0e0 0.0e0
   4   1  .50   1.0e-1  1.0e-1  0.0e0  0.0e0   0.0e0  0.0e0 0.0e0 0.0e0
   5   1 -.50   4.0e-2  4.0e-2  0.0e0  0.0e0   0.0e0  0.0e0 0.0e0 0.0e0
   5   1  .50   4.0e-2  4.0e-2  0.0e0  0.0e0   0.0e0  0.0e0 0.0e0 0.0e0
   6   1 -.50   8.0e-3  8.0e-3  0.0e0  0.0e0   0.0e0  0.0e0 0.0e0 0.0e0
   6   1  .50   8.0e-3  8.0e-3  0.0e0  0.0e0   0.0e0  0.0e0 0.0e0 0.0e0
   3   2 -.50   2.0e-1  2.0e-1  0.0e0  0.0e0   0.0e0  0.0e0 0.0e0 0.0e0
   3   2  .50   2.0e-1  2.0e-1  0.0e0  0.0e0   0.0e0  0.0e0 0.0e0 0.0e0
   4   2 -.50   4.0e-2  4.0e-2  0.0e0  0.0e0   0.0e0  0.0e0 0.0e0 0.0e0
   4   2  .50   4.0e-2  4.0e-2  0.0e0  0.0e0   0.0e0  0.0e0 0.0e0 0.0e0
   5   2 -.50   8.0e-3  8.0e-3  0.0e0  0.0e0   0.0e0  0.0e0 0.0e0 0.0e0
   5   2  .50   8.0e-3  8.0e-3  0.0e0  0.0e0   0.0e0  0.0e0 0.0e0 0.0e0
   4   3 -.50   4.0e-2  4.0e-2  0.0e0  0.0e0   0.0e0  0.0e0 0.0e0 0.0e0
   4   3  .50   4.0e-2  4.0e-2  0.0e0  0.0e0   0.0e0  0.0e0 0.0e0 0.0e0
   5   3 -.50   8.0e-3  8.0e-3  0.0e0  0.0e0   0.0e0  0.0e0 0.0e0 0.0e0
   5   3  .50   8.0e-3  8.0e-3  0.0e0  0.0e0   0.0e0  0.0e0 0.0e0 0.0e0
