 Initial weight-guess from atomic-program
 ----------------------------------------
    .1E+06     weight_psir0
   n   l   so   eigval  chrg    dchrg  ddchrg  res    rnode dnode ddnode
   2   0  .50   1.0e5   1.0e5   0.0e0  0.0e0   1.0e0  1.0e0 0.0e0 0.0e0
   3   0  .50   1.0e3   1.0e3   0.0e0  0.0e0   0.0e0  0.0e0 0.0e0 0.0e0
   4   0  .50   1.0e0   1.0e0   0.0e0  0.0e0   0.0e0  0.0e0 0.0e0 0.0e0
   2   1 -.50   1.0e5   1.0e5   0.0e0  0.0e0   1.0e0  1.0e0 0.0e0 0.0e0
   2   1  .50   1.0e5   1.0e5   0.0e0  0.0e0   1.0e0  1.0e0 0.0e0 0.0e0
   3   1 -.50   1.0e3   1.0e3   0.0e0  0.0e0   0.0e0  0.0e0 0.0e0 0.0e0
   3   1  .50   1.0e3   1.0e3   0.0e0  0.0e0   0.0e0  0.0e0 0.0e0 0.0e0
   4   1 -.50   1.0e0   1.0e0   0.0e0  0.0e0   0.0e0  0.0e0 0.0e0 0.0e0
   4   1  .50   1.0e0   1.0e0   0.0e0  0.0e0   0.0e0  0.0e0 0.0e0 0.0e0
   3   2 -.50   1.0e3   1.0e3   0.0e0  0.0e0   0.0e0  0.0e0 0.0e0 0.0e0
   3   2  .50   1.0e3   1.0e3   0.0e0  0.0e0   0.0e0  0.0e0 0.0e0 0.0e0
   4   2 -.50   1.0e0   1.0e0   0.0e0  0.0e0   0.0e0  0.0e0 0.0e0 0.0e0
   4   2  .50   1.0e0   1.0e0   0.0e0  0.0e0   0.0e0  0.0e0 0.0e0 0.0e0
   4   3 -.50   1.0e2   1.0e2   0.0e0  0.0e0   0.0e0  0.0e0 0.0e0 0.0e0
   4   3  .50   1.0e2   1.0e2   0.0e0  0.0e0   0.0e0  0.0e0 0.0e0 0.0e0
