&ATOM
NAME  O
OPTI  1.0D-8
ZVAL  8
ZEFF  8
LMAX  1
OCCU
2 2 2
1 4
MIXI  0.2
CONV  1.0D-14
ITER  200
IPPN  100
XCFN  PADE
&END

&BASIS
GAUS
9
     5667.4175496504      850.9543960873      193.7196438222       54.6182828977
       17.4647993368        6.0137121400        1.9589402831        0.6276137981
        0.1859027787
1 2 3 4 5 6 7 8 9
9
     5667.4175496504      850.9543960873      193.7196438222       54.6182828977
       17.4647993368        6.0137121400        1.9589402831        0.6276137981
        0.1859027787
1 2 3 4 5 6 7 8 9
&END
