 Initial weight-guess from atomic-program
 ----------------------------------------
    .1E+02            weight_psir0
    n   l  so   eigenvalue      charge     dcharge    ddcharge  residue   rnode dnode ddnode
   5   0  .50   1.0e4           1.0e4      0          0         1.0e2     1.e2  1.e0  1.e0  
   6   0  .50   1.0e3           1.0e3      0          0            0      0.e5  0.e5  0.e5  
   7   0  .50   1.0e1           1.0e0      0          0            0      0.e5  0.e5  0.e5  
   8   0  .50   0               0          0          0            0      0.e5  0.e5  0.e5  
   5   1 -.50   1.0e6           1.0e5      0          0            0.0e5  1.e2  0.e5  0.e5  
   5   1  .50   1.0e6           1.0e5      0          0            0.0e5  1.e2  0.e5  0.e5  
   6   1 -.50   1.0e5           1.0e4      0          0            0      0.e5  0.e5  0.e5  
   6   1  .50   1.0e5           1.0e4      0          0            0      0.e5  0.e5  0.e5  
   7   1 -.50   0               0          0          0            0      0.e5  0.e5  0.e5  
   7   1  .50   0               0          0          0            0      0.e5  0.e5  0.e5  
   8   1 -.50   0               0          0          0            0      0.e5  0.e5  0.e5  
   8   1  .50   0               0          0          0            0      0.e5  0.e5  0.e5  
   4   2 -.50   1.0e6           1.0e5      0          0            0.0e5  0.e5  0.e5  0.e5  
   4   2  .50   1.0e6           1.0e5      0          0            0.0e5  0.e5  0.e5  0.e5  
   5   2 -.50   1.0e5           1.0e4      0          0            0      0.e5  0.e5  0.e5  
   5   2  .50   1.0e5           1.0e4      0          0            0      0.e5  0.e5  0.e5  
   6   2 -.50   0               0          0          0            0      0.e5  0.e5  0.e5  
   6   2  .50   0               0          0          0            0      0.e5  0.e5  0.e5  
   4   3 -.50   1.0e3           1.0e2      0          0            0      0.e5  0.e5  0.e5  
   4   3  .50   1.0e3           1.0e2      0          0            0      0.e5  0.e5  0.e5  
   5   3 -.50   0               0          0          0            0      0.e5  0.e5  0.e5  
   5   3  .50   0               0          0          0            0      0.e5  0.e5  0.e5  
