   18             3.00000 ng, rij 
     2.700     5.400                                       rcov,rprb 
 r                           (non)relativistic calculation
 PADE                        XC-functional
 79.000 11.000     .5900000000     .1160442790E+02     .0000000000E+00     .0000000000E+00     .0000000000E+00  znuc,zion,rloc,gpot()
   2                                                       lpx, (Projectors for l=0..lpx)
     .5211797534     .2538613586E+01    -.1046136643E+01     .2701113196E+01     .0000000000E+00     .0000000000E+00     .0000000000E+00  r_l(),hsep(), so=+0.5
     .6306130638    -.8517474739E-01    -.1143542722E+01     .2706115992E+01     .0000000000E+00     .0000000000E+00     .0000000000E+00  r_l(),hsep(), so=+0.5
     .1354907584E+01    -.3216909391E+00     .7612597044E+00     .0000000000E+00     .0000000000E+00     .0000000000E+00         hsep(), so=-0.5
     .4407064305    -.4570586120E+01     .8025100250E+00    -.1819921672E+01     .0000000000E+00     .0000000000E+00     .0000000000E+00  r_l(),hsep(), so=+0.5
    -.4941794979E+01     .6156619936E+00    -.1396190166E+01     .0000000000E+00     .0000000000E+00     .0000000000E+00         hsep(), so=-0.5
 ---------------------------------------------
 Additional information (last calculation):
 gaussian exponents:
 xp(): 8.52885032817871824 5.62694273891490759 3.71239772873215834 2.44926908549870381 1.61591496696351600 1.06610629102233978 0.703367842364363338 0.464049716091519682 0.306158635687338032 0.201989370870439416 0.133263286377792445 0.879209802955453895E-01 0.580062145114399463E-01 0.382698294609172401E-01 0.252486713588049271E-01 0.166579107972240556E-01 0.109901225369431772E-01 0.725077681392999503E-02
 orbital coefficients 
 l,ispin: 0 1
 psi n=1,noccmax(l):
    -.5534682626E-02     .2361051766E-02     .1285679326E-01     .0000000000E+00     .0000000000E+00     .0000000000E+00     .0000000000E+00    -.2934492627E-02
     .2944760010E-01    -.1252572210E-01    -.6219609513E-01     .0000000000E+00     .0000000000E+00     .0000000000E+00     .0000000000E+00     .1002841298E-01
    -.9218204823E-01     .3902659952E-01     .1648246881E+00     .0000000000E+00     .0000000000E+00     .0000000000E+00     .0000000000E+00    -.1988289729E-01
     .2601383941E+00    -.1094848056E+00    -.3393902542E+00     .0000000000E+00     .0000000000E+00     .0000000000E+00     .0000000000E+00     .2955873824E-01
    -.4783528819E+00     .2049066604E+00     .5571492110E+00     .0000000000E+00     .0000000000E+00     .0000000000E+00     .0000000000E+00    -.9821820562E-01
    -.4044460297E+00     .1478125986E+00    -.3855307017E+00     .0000000000E+00     .0000000000E+00     .0000000000E+00     .0000000000E+00     .2441109236E+00
     .9844916251E+00    -.3993822244E+00     .2993711703E+00     .0000000000E+00     .0000000000E+00     .0000000000E+00     .0000000000E+00    -.1047632967E-01
     .2249849696E+00    -.9886157748E-01    -.8854764049E+00     .0000000000E+00     .0000000000E+00     .0000000000E+00     .0000000000E+00    -.1810833599E+00
     .1760742678E+00    -.7637409048E-01     .8678306977E+00     .0000000000E+00     .0000000000E+00     .0000000000E+00     .0000000000E+00    -.1167192297E-01
    -.1537920511E+00     .5187463302E-01    -.1036794441E+01     .0000000000E+00     .0000000000E+00     .0000000000E+00     .0000000000E+00     .4522630652E-02
    -.1332244941E+00     .6743218426E-01     .1280998871E+01     .0000000000E+00     .0000000000E+00     .0000000000E+00     .0000000000E+00     .3507049210E-01
    -.2059233485E+00     .1199966924E+00    -.1226283134E+01     .0000000000E+00     .0000000000E+00     .0000000000E+00     .0000000000E+00     .3229372092E-01
    -.1154552348E+00     .1183493261E+00     .1603241073E+01     .0000000000E+00     .0000000000E+00     .0000000000E+00     .0000000000E+00     .3117106753E-01
    -.7048332817E-01     .7531169321E-01    -.1450809845E+01     .0000000000E+00     .0000000000E+00     .0000000000E+00     .0000000000E+00     .2050052520E-01
    -.1298277146E-01     .3472954161E-01     .1705304937E+01     .0000000000E+00     .0000000000E+00     .0000000000E+00     .0000000000E+00     .1146152178E-01
    -.3757620253E-02     .3886412886E-03    -.1498820746E+01     .0000000000E+00     .0000000000E+00     .0000000000E+00     .0000000000E+00     .5064662733E-02
     .7349754360E-03    -.1669631636E+00     .1168019182E+00     .0000000000E+00     .0000000000E+00     .0000000000E+00     .0000000000E+00     .5977223046E-03
    -.1829588928E-03     .2581164050E-02     .3024615556E+00     .0000000000E+00     .0000000000E+00     .0000000000E+00     .0000000000E+00    -.4041603555E-04
     .2369765874E-04    -.2110011823E-03    -.2430041920E-01     .0000000000E+00     .0000000000E+00     .0000000000E+00     .0000000000E+00     .3373085684E-05
 l,ispin: 1 1
 psi n=1,noccmax(l):
    -.2934492627E-02    -.2354077566E-02    -.3060730492E-01     .0000000000E+00     .0000000000E+00     .0000000000E+00     .0000000000E+00    -.5793861057E-01
     .1002841298E-01     .8109955771E-02     .1091883920E+00     .0000000000E+00     .0000000000E+00     .0000000000E+00     .0000000000E+00     .1813619270E+00
    -.1988289729E-01    -.1605768553E-01    -.2124680395E+00     .0000000000E+00     .0000000000E+00     .0000000000E+00     .0000000000E+00    -.3329850614E+00
     .2955873824E-01     .2378587120E-01     .3065884428E+00     .0000000000E+00     .0000000000E+00     .0000000000E+00     .0000000000E+00     .6106136154E+00
    -.9821820562E-01    -.6711105731E-01    -.3361482826E+00     .0000000000E+00     .0000000000E+00     .0000000000E+00     .0000000000E+00    -.2412452820E+00
     .2441109236E+00     .1548648377E+00     .2914262569E+00     .0000000000E+00     .0000000000E+00     .0000000000E+00     .0000000000E+00    -.1404930252E+01
    -.1047632967E-01    -.1130770880E-01    -.4445736602E+00     .0000000000E+00     .0000000000E+00     .0000000000E+00     .0000000000E+00    -.5273810035E+00
    -.1810833599E+00    -.1047876798E+00     .5510000629E+00     .0000000000E+00     .0000000000E+00     .0000000000E+00     .0000000000E+00    -.3371063796E+00
    -.1167192297E-01    -.1438471678E-01    -.4166383810E+00     .0000000000E+00     .0000000000E+00     .0000000000E+00     .0000000000E+00    -.1134464045E+00
     .4522630652E-02     .9911018450E-02     .3966170503E+00     .0000000000E+00     .0000000000E+00     .0000000000E+00     .0000000000E+00    -.5689815011E-01
     .3507049210E-01     .1682076357E-01    -.3961443305E+00     .0000000000E+00     .0000000000E+00     .0000000000E+00     .0000000000E+00    -.1478129446E-01
     .3229372092E-01     .3086755869E-01     .3132548488E+00     .0000000000E+00     .0000000000E+00     .0000000000E+00     .0000000000E+00    -.6579994162E-02
     .3117106753E-01     .1977069252E-01    -.3396253817E+00     .0000000000E+00     .0000000000E+00     .0000000000E+00     .0000000000E+00    -.7917691588E-03
     .2050052520E-01     .2440965450E-01     .2504399848E+00     .0000000000E+00     .0000000000E+00     .0000000000E+00     .0000000000E+00    -.4131565190E-03
     .1146152178E-01     .5461637778E-02    -.2605817422E+00     .0000000000E+00     .0000000000E+00     .0000000000E+00     .0000000000E+00     .4782347892E-04
     .5064662733E-02     .1698510375E-01     .1747752427E+00     .0000000000E+00     .0000000000E+00     .0000000000E+00     .0000000000E+00    -.2214311113E-04
     .5977223046E-03    -.2850549833E-01     .2133222609E-02     .0000000000E+00     .0000000000E+00     .0000000000E+00     .0000000000E+00     .5574857981E-05
    -.4041603555E-04    -.2281987617E-03    -.3045482100E-01     .0000000000E+00     .0000000000E+00     .0000000000E+00     .0000000000E+00    -.1042783815E-05
     .3373085684E-05     .2202950591E-04     .2134837271E-02     .0000000000E+00     .0000000000E+00     .0000000000E+00     .0000000000E+00     .1048385351E-06
 l,ispin: 1 2
 psi n=1,noccmax(l):
    -.6195565692E-03    -.4699994062E-03    -.2853770397E-01     .0000000000E+00     .0000000000E+00     .0000000000E+00     .0000000000E+00    -.5746147845E-01
     .2828146740E-02     .2024082093E-02     .1019003148E+00     .0000000000E+00     .0000000000E+00     .0000000000E+00     .0000000000E+00     .1812396752E+00
    -.8614467848E-02    -.5670857088E-02    -.2002445588E+00     .0000000000E+00     .0000000000E+00     .0000000000E+00     .0000000000E+00    -.3318731774E+00
     .2702696956E-01     .1641088365E-01     .2976451965E+00     .0000000000E+00     .0000000000E+00     .0000000000E+00     .0000000000E+00     .6495060084E+00
    -.6747402991E-01    -.4088021704E-01    -.3839842595E+00     .0000000000E+00     .0000000000E+00     .0000000000E+00     .0000000000E+00    -.5379146475E+00
    -.4753977792E-01    -.1911632968E-01     .3608024476E+00     .0000000000E+00     .0000000000E+00     .0000000000E+00     .0000000000E+00    -.1482718506E+01
     .1921876383E+00     .1049114287E+00    -.2841820666E+00     .0000000000E+00     .0000000000E+00     .0000000000E+00     .0000000000E+00    -.5553870223E+00
     .1099465182E+00     .6052377811E-01     .4400788571E+00     .0000000000E+00     .0000000000E+00     .0000000000E+00     .0000000000E+00    -.3400297821E+00
    -.7898865465E-02    -.5169571892E-02    -.3719493122E+00     .0000000000E+00     .0000000000E+00     .0000000000E+00     .0000000000E+00    -.1106930714E+00
    -.4068114842E-01    -.2294188198E-01     .3233319140E+00     .0000000000E+00     .0000000000E+00     .0000000000E+00     .0000000000E+00    -.5356250089E-01
    -.4979871134E-01    -.3056473016E-01    -.3541152497E+00     .0000000000E+00     .0000000000E+00     .0000000000E+00     .0000000000E+00    -.1273404044E-01
    -.4401789788E-01    -.3001031646E-01     .2627994019E+00     .0000000000E+00     .0000000000E+00     .0000000000E+00     .0000000000E+00    -.5523726173E-02
    -.3320028949E-01    -.2493271391E-01    -.2985323895E+00     .0000000000E+00     .0000000000E+00     .0000000000E+00     .0000000000E+00    -.4333519521E-03
    -.1962214550E-01    -.1635496544E-01     .2201461849E+00     .0000000000E+00     .0000000000E+00     .0000000000E+00     .0000000000E+00    -.3179573159E-03
    -.9229889178E-02    -.6733371208E-02    -.2274058410E+00     .0000000000E+00     .0000000000E+00     .0000000000E+00     .0000000000E+00     .5734186052E-04
    -.3101833653E-02    -.6172419883E-02     .1769704545E+00     .0000000000E+00     .0000000000E+00     .0000000000E+00     .0000000000E+00    -.2097455840E-04
    -.2099090493E-03     .2403009321E-01    -.1515784910E-01     .0000000000E+00     .0000000000E+00     .0000000000E+00     .0000000000E+00     .5366366556E-05
     .1217987169E-04    -.1180877137E-03    -.2439145775E-01     .0000000000E+00     .0000000000E+00     .0000000000E+00     .0000000000E+00    -.1003554008E-05
    -.9344903276E-06     .6285988687E-05     .1746181318E-02     .0000000000E+00     .0000000000E+00     .0000000000E+00     .0000000000E+00     .1009432938E-06
 l,ispin: 2 1
 psi n=1,noccmax(l):
    -.5793861057E-01    -.9080034112E-02    -.2585045602E-01     .0000000000E+00     .0000000000E+00     .0000000000E+00     .0000000000E+00
     .1813619270E+00     .2775789784E-01     .7313571171E-01     .0000000000E+00     .0000000000E+00     .0000000000E+00     .0000000000E+00
    -.3329850614E+00    -.4936802590E-01    -.1180909571E+00     .0000000000E+00     .0000000000E+00     .0000000000E+00     .0000000000E+00
     .6106136154E+00     .8615907721E-01     .1666479637E+00     .0000000000E+00     .0000000000E+00     .0000000000E+00     .0000000000E+00
    -.2412452820E+00    -.3456531816E-01    -.1069687378E+00     .0000000000E+00     .0000000000E+00     .0000000000E+00     .0000000000E+00
    -.1404930252E+01    -.1836211995E+00    -.1404304805E+00     .0000000000E+00     .0000000000E+00     .0000000000E+00     .0000000000E+00
    -.5273810035E+00    -.8863631604E-01    -.1518193856E+00     .0000000000E+00     .0000000000E+00     .0000000000E+00     .0000000000E+00
    -.3371063796E+00    -.4613464846E-01    -.1076361830E-01     .0000000000E+00     .0000000000E+00     .0000000000E+00     .0000000000E+00
    -.1134464045E+00    -.2148212986E-01    -.5676856273E-01     .0000000000E+00     .0000000000E+00     .0000000000E+00     .0000000000E+00
    -.5689815011E-01    -.5434907240E-02     .1901619376E-01     .0000000000E+00     .0000000000E+00     .0000000000E+00     .0000000000E+00
    -.1478129446E-01    -.3788622780E-02    -.2346281919E-01     .0000000000E+00     .0000000000E+00     .0000000000E+00     .0000000000E+00
    -.6579994162E-02     .1612306154E-02     .1690737815E-01     .0000000000E+00     .0000000000E+00     .0000000000E+00     .0000000000E+00
    -.7917691588E-03     .2090545866E-03    -.1039423548E-01     .0000000000E+00     .0000000000E+00     .0000000000E+00     .0000000000E+00
    -.4131565190E-03     .2335753787E-02     .1197989006E-01     .0000000000E+00     .0000000000E+00     .0000000000E+00     .0000000000E+00
     .4782347892E-04     .7385693322E-03    -.5298745605E-02     .0000000000E+00     .0000000000E+00     .0000000000E+00     .0000000000E+00
    -.2214311113E-04     .1609165835E-02     .9862569627E-02     .0000000000E+00     .0000000000E+00     .0000000000E+00     .0000000000E+00
     .5574857981E-05     .9692715970E-03    -.4095368605E-02     .0000000000E+00     .0000000000E+00     .0000000000E+00     .0000000000E+00
    -.1042783815E-05    -.3227013429E-04    -.3601375283E-03     .0000000000E+00     .0000000000E+00     .0000000000E+00     .0000000000E+00
     .1048385351E-06     .2197200806E-05     .2475348375E-04     .0000000000E+00     .0000000000E+00     .0000000000E+00     .0000000000E+00
 l,ispin: 2 2
 psi n=1,noccmax(l):
    -.5746147845E-01     .8077226622E-02     .2377799310E-01     .0000000000E+00     .0000000000E+00     .0000000000E+00     .0000000000E+00
     .1812396752E+00    -.2480330381E-01    -.6732854779E-01     .0000000000E+00     .0000000000E+00     .0000000000E+00     .0000000000E+00
    -.3318731774E+00     .4387487872E-01     .1083230173E+00     .0000000000E+00     .0000000000E+00     .0000000000E+00     .0000000000E+00
     .6495060084E+00    -.8104214309E-01    -.1572827943E+00     .0000000000E+00     .0000000000E+00     .0000000000E+00     .0000000000E+00
    -.5379146475E+00     .6498391564E-01     .1364844199E+00     .0000000000E+00     .0000000000E+00     .0000000000E+00     .0000000000E+00
    -.1482718506E+01     .1722659874E+00     .1348782294E+00     .0000000000E+00     .0000000000E+00     .0000000000E+00     .0000000000E+00
    -.5553870223E+00     .8475072639E-01     .1450826737E+00     .0000000000E+00     .0000000000E+00     .0000000000E+00     .0000000000E+00
    -.3400297821E+00     .4157015109E-01     .9067164992E-02     .0000000000E+00     .0000000000E+00     .0000000000E+00     .0000000000E+00
    -.1106930714E+00     .1926882536E-01     .5228933200E-01     .0000000000E+00     .0000000000E+00     .0000000000E+00     .0000000000E+00
    -.5356250089E-01     .3999933677E-02    -.1887302840E-01     .0000000000E+00     .0000000000E+00     .0000000000E+00     .0000000000E+00
    -.1273404044E-01     .3055176022E-02     .2132577705E-01     .0000000000E+00     .0000000000E+00     .0000000000E+00     .0000000000E+00
    -.5523726173E-02    -.2025917140E-02    -.1641970208E-01     .0000000000E+00     .0000000000E+00     .0000000000E+00     .0000000000E+00
    -.4333519521E-03    -.4475928266E-03     .9348956542E-02     .0000000000E+00     .0000000000E+00     .0000000000E+00     .0000000000E+00
    -.3179573159E-03    -.2436007229E-02    -.1153413353E-01     .0000000000E+00     .0000000000E+00     .0000000000E+00     .0000000000E+00
     .5734186052E-04    -.7948819066E-03     .4798500274E-02     .0000000000E+00     .0000000000E+00     .0000000000E+00     .0000000000E+00
    -.2097455840E-04    -.1615354455E-02    -.9458836765E-02     .0000000000E+00     .0000000000E+00     .0000000000E+00     .0000000000E+00
     .5366366556E-05    -.9314363353E-03     .4070567395E-02     .0000000000E+00     .0000000000E+00     .0000000000E+00     .0000000000E+00
    -.1003554008E-05     .3156028285E-04     .3347247785E-03     .0000000000E+00     .0000000000E+00     .0000000000E+00     .0000000000E+00
     .1009432938E-06    -.2150449950E-05    -.2307154657E-04     .0000000000E+00     .0000000000E+00     .0000000000E+00     .0000000000E+00
 l,ispin: 3 1
 psi n=1,noccmax(l):
    -.4607716133E-02     .5478441750E-01    -.1696280920E+00     .0000000000E+00     .0000000000E+00     .0000000000E+00
     .9412547755E-02    -.1119379838E+00     .3466415652E+00     .0000000000E+00     .0000000000E+00     .0000000000E+00
    -.1094190681E-01     .1301028971E+00    -.4029093062E+00     .0000000000E+00     .0000000000E+00     .0000000000E+00
     .9739086395E-02    -.1158591764E+00     .3588791788E+00     .0000000000E+00     .0000000000E+00     .0000000000E+00
    -.7247276682E-02     .8869701187E-01    -.2770092530E+00     .0000000000E+00     .0000000000E+00     .0000000000E+00
     .4258242862E-02    -.6103946986E-01     .1986864937E+00     .0000000000E+00     .0000000000E+00     .0000000000E+00
    -.3749622788E-02     .4280673156E-01    -.1312209494E+00     .0000000000E+00     .0000000000E+00     .0000000000E+00
     .2823654363E-02    -.2874766756E-01     .8463165953E-01     .0000000000E+00     .0000000000E+00     .0000000000E+00
    -.1076927535E-02     .1703568218E-01    -.5663282387E-01     .0000000000E+00     .0000000000E+00     .0000000000E+00
     .1262463205E-02    -.1199251453E-01     .3424876147E-01     .0000000000E+00     .0000000000E+00     .0000000000E+00
    -.3829468571E-03     .6773182961E-02    -.2289327854E-01     .0000000000E+00     .0000000000E+00     .0000000000E+00
     .5342562977E-03    -.4880709278E-02     .1337023821E-01     .0000000000E+00     .0000000000E+00     .0000000000E+00
    -.8194953005E-04     .2556819386E-02    -.9126370383E-02     .0000000000E+00     .0000000000E+00     .0000000000E+00
     .2701312276E-03    -.2103623617E-02     .4726222945E-02     .0000000000E+00     .0000000000E+00     .0000000000E+00
     .1844505522E-04     .9786396494E-03    -.3344253869E-02     .0000000000E+00     .0000000000E+00     .0000000000E+00
     .1461353006E-03    -.1221617902E-02     .1546456359E-03     .0000000000E+00     .0000000000E+00     .0000000000E+00
     .1370864263E-03     .3390826577E-03     .8250569591E-03     .0000000000E+00     .0000000000E+00     .0000000000E+00
    -.2957915174E-05     .3809334901E-04    -.2861154773E-03     .0000000000E+00     .0000000000E+00     .0000000000E+00
     .1713158661E-06    -.2237678835E-05     .1351804826E-04     .0000000000E+00     .0000000000E+00     .0000000000E+00
 l,ispin: 3 2
 psi n=1,noccmax(l):
    -.4607716133E-02     .5478441750E-01    -.1696280920E+00     .0000000000E+00     .0000000000E+00     .0000000000E+00
     .9412547755E-02    -.1119379838E+00     .3466415652E+00     .0000000000E+00     .0000000000E+00     .0000000000E+00
    -.1094190681E-01     .1301028971E+00    -.4029093062E+00     .0000000000E+00     .0000000000E+00     .0000000000E+00
     .9739086395E-02    -.1158591764E+00     .3588791788E+00     .0000000000E+00     .0000000000E+00     .0000000000E+00
    -.7247276682E-02     .8869701187E-01    -.2770092530E+00     .0000000000E+00     .0000000000E+00     .0000000000E+00
     .4258242862E-02    -.6103946986E-01     .1986864937E+00     .0000000000E+00     .0000000000E+00     .0000000000E+00
    -.3749622788E-02     .4280673156E-01    -.1312209494E+00     .0000000000E+00     .0000000000E+00     .0000000000E+00
     .2823654363E-02    -.2874766756E-01     .8463165953E-01     .0000000000E+00     .0000000000E+00     .0000000000E+00
    -.1076927535E-02     .1703568218E-01    -.5663282387E-01     .0000000000E+00     .0000000000E+00     .0000000000E+00
     .1262463205E-02    -.1199251453E-01     .3424876147E-01     .0000000000E+00     .0000000000E+00     .0000000000E+00
    -.3829468571E-03     .6773182961E-02    -.2289327854E-01     .0000000000E+00     .0000000000E+00     .0000000000E+00
     .5342562977E-03    -.4880709278E-02     .1337023821E-01     .0000000000E+00     .0000000000E+00     .0000000000E+00
    -.8194953005E-04     .2556819386E-02    -.9126370383E-02     .0000000000E+00     .0000000000E+00     .0000000000E+00
     .2701312276E-03    -.2103623617E-02     .4726222945E-02     .0000000000E+00     .0000000000E+00     .0000000000E+00
     .1844505522E-04     .9786396494E-03    -.3344253869E-02     .0000000000E+00     .0000000000E+00     .0000000000E+00
     .1461353006E-03    -.1221617902E-02     .1546456359E-03     .0000000000E+00     .0000000000E+00     .0000000000E+00
     .1370864263E-03     .3390826577E-03     .8250569591E-03     .0000000000E+00     .0000000000E+00     .0000000000E+00
    -.2957915174E-05     .3809334901E-04    -.2861154773E-03     .0000000000E+00     .0000000000E+00     .0000000000E+00
     .1713158661E-06    -.2237678835E-05     .1351804826E-04     .0000000000E+00     .0000000000E+00     .0000000000E+00
